-1.994028161249515 2.062142005159068
-4.040433233845801 1.6261103380236341
1.1076478270565386 -1.119701131992849
0.055403059353581585 0.7527729241283637
-2.5421109248761953 2.5807548320932936
0.3542763196093192 -0.6711573254703667
-3.6452367542886495 2.081597312565022
-3.5655923907590528 1.3880901379568211
-2.0244053859908386 2.1487864143931987
1.9537613233765359 -2.2188289399256527
-3.460261570642581 3.7300923842221088
0.5024273567403874 -0.3344642380817425
-2.5814195603796244 2.7976620338139035
-0.31861007512430595 1.175700723757917
0.173124112832097 0.8561502145973715
1.151507306067642 -1.5974552305152339
1.581851671934651 -1.230750831537695
-3.8013634174160456 1.833968551828184
-3.0030275906879833 3.1459998995546914
-3.6922789348478324 4.521083872805035
0.38265395150619375 0.23940247821558744
-2.442077202647459 2.8210446079868134
0.7473494684118953 -1.5300702803980462
1.766679023189555 -2.064332252757348
-3.6351539804782798 1.2732324104077921
-2.8179878309316724 2.844912142522444
1.4272317195669948 -2.051965541838819
0.09688529961221083 0.37206100251198687
1.9475657826509554 -2.255832207329778
1.0004206002102143 -0.8324213115802896
-2.879405340829103 2.748817346124864
-3.1737672327590225 0.5001307963087057
0.11118577079075906 0.050747414343927884
-3.4987637760361707 1.2318121384103227
-3.2423398167065955 1.3601623068177968
-3.0506903245768626 0.5830416837157757
-3.1182812115756526 2.938816385583211
-2.5015004445975086 0.5859695038649493
-3.509880692012735 3.751140078105587
-2.4094507447918874 2.51844086944107
2.015879221163805 -2.037218086522879
-2.826386218075342 2.7305868945912994
-2.8091586954295305 2.9335692909422635
-2.4980538017993354 2.6615256964925162
-2.8182169962941592 0.6014760023258979
0.7634537505594042 -0.7362993313165056
-4.399009764059456 2.8065682655217077
-2.722203954741629 2.8026476880964464
-3.3066631171747267 1.2396317449493437
-3.573777011514184 3.9168481544046556
0.7857950470856777 -0.7421910514149967
-3.1348242232217136 0.48454823166722716
-2.175648336112904 2.1736943390284518
1.5654780343947887 -1.8050209823532752
-2.1066861076459156 -0.29351807553442566
-3.1253125259498766 1.2070844173481927
1.1266306209984673 -1.1742509207307954
-2.400794150239213 3.1278956106233795
-5.241004524643699 3.5758672391188675
2.0249908023173138 -2.3793913986393918
-3.0209232089512503 2.9135586174133556
-2.324606703709724 2.1442637430022877
1.2908802059651967 -1.2974287796382213
-0.03639237883020113 0.6742794232778077
1.4508261203351736 -1.6444798634868838
-3.6390654506695777 4.0501118361532376
-3.7826714018456467 1.5183633242513372
-2.55110163568477 0.4862840065591177
-0.08445158147150421 0.9540520030360164
-3.8171693159646907 4.455006012494833
-3.314999482306504 1.436467524532562
-3.586341061834119 1.3092939414259464
-2.8073969805046466 0.7082331186514561
1.3092439885747003 -1.7112390701843998
-2.875988272966631 3.391667379789073
0.9211111953228763 -0.8300227825890802
0.6038481980623908 0.12517105691319202
-2.8146133078157014 2.924506386129652
-4.363594996487516 2.126139956256111
0.943723589065037 -0.42061494878729977
-2.7764127069831623 2.709689327125467
1.6719723305449479 -2.085146160369075
-1.5628977499313217 1.391673903719649
0.4054043049268625 -0.034452986603610784
-3.1947828507595943 0.46337878183100195
1.6429664051877257 -1.0761693038658355
-3.3174600037983386 0.8856759848033579
-4.160938657556421 2.6949064265560945
1.0959256342633414 -1.1294602395603752
-2.8655427623118928 3.278977272092617
1.6358422742393406 -1.9768432177902349
-2.3445193323510765 0.2998839529014098
0.5406897411297448 -0.21664240807537447
1.5638478152215476 -1.6970567852114469
0.3612413383695986 -0.3813889808185476
-2.4667047210911393 -0.7694914967526258
1.0152433555297953 -0.6078488680885462
2.607120288263375 -3.4900637992419754
-3.730837016308454 4.371476230012461
-2.1192241563773324 1.8040238777668993
-3.3095143288074924 1.1745495077482497
1.2395877194985707 -1.203334211737013
-0.22943841851551333 0.6322096439263728
-2.667584361200734 2.6288384149265456
-2.6536643123861503 3.0163883563784566
0.8630293692142443 -1.2792303879420539e-05
-2.24359887098587 2.2231943131730034
-3.2471856202974094 0.8854632232363046
-2.2509065109510886 -0.15539426585412572
-3.301015492964458 1.5701648924015517
-2.7844764726840388 2.574431904880017
-4.3983432859857325 2.348145008680892
-2.468336487158756 -1.0565615172380596
-3.553137663976022 1.1322881094136332
-2.3766535240202336 -0.30679328011758195
-3.091168824598162 1.311490195492851
-3.371397897148108 3.7427814570094204
-1.8331421927639817 1.6273719100612494
-3.4366467643148635 0.9384451351967168
-2.888567324281915 2.377231864740076
-2.237022683243692 0.38877085846279297
0.4113792111905386 0.2211361849314789
1.534623802513412 -1.9465082529437008
-3.659103217818449 1.5357660049206117
-1.298563684003553 1.14521145344757
-3.105779496665202 3.3066846758439583
-0.1885576664865139 0.6487000917397967
0.3720393337279207 -0.13336226535849544
-2.855809466107436 2.9700612193737586
0.3069893026949095 0.31314434277955244
-2.777272743232528 -0.24006659195369157
-2.42375800899654 2.8083504324379827
-3.0090317690965334 3.7321211327198016
-2.731455508238787 0.8177511348779714
-2.1158488917240774 1.8531841325271676
0.46000429770869267 0.0017941049041068592
-2.014664475720865 1.8058213555575335
1.6233131467915916 -1.8358990246639784
1.0918452603793876 -1.2229888194833793
1.3553782063384465 -1.8649277564140379
-3.717222273560415 4.468206789108107
-3.292842487533565 3.0853673215955557
-3.1888497255915955 3.794906024921621
1.0893671454863778 -1.5567399223885623
-3.1525004692551972 1.4323876771710966
-3.0872100230483244 0.22587258722952108
2.5248489600069286 -2.8065395540990337
0.48802262102088934 -0.36466264071144566
-2.167455195052253 2.134622175711266
-3.4213612612196433 1.7931673157927774
-2.922834198298949 0.746785345530728
-4.3777947786071 2.3197229328514397
-2.0945365470364945 -0.32383963995123527
-2.714422602516373 3.1919743426195124
0.8995489611356918 -1.0735081080356723
-4.099110660645864 1.9116285604080077
-0.2649735503931246 0.6746030414020033
-3.6076771574578337 2.0190695454528003
-4.576290834714852 5.72036705744021
-2.54869696645105 2.387101676173137
-2.1649473442741933 -0.5184296689703293
-2.8679366299120175 0.21947357264871872
-3.013420040961672 1.4098179935553539
-4.676103764267393 2.9432637883814485
-2.3813451974926494 1.8978698418742406
-3.1734840259803003 3.497020148799494
-2.4173664119725604 1.6382476355724818
-2.6036285178843674 2.293985804958491
-2.476384650727955 2.1624106525398026
0.6042399642092033 -0.4972631445268238
-2.476598759659558 2.272017081287702
0.7249610029065349 -0.1673632760115434
0.656141564404254 -0.24163160138015138
1.4735331195397352 -1.4005226671696105
-0.031330557279604924 0.06125833585240175
-3.966334116250941 4.217750072656813
1.2948004913868811 -0.5321186592322256
1.515466238416232 -2.311079870493803
-0.22397180987347254 0.6616668975880254
-1.8670650756508569 2.507830547596697
-3.590371619126628 1.1817094148175302
-2.739276954585626 0.4653584277616402
-3.3268712430192524 1.0171251697450412
1.2968493252689568 -0.8484029056616056
-2.2503424218135857 -0.37757721411735484
1.4620822054489664 -1.2673743720843738
-2.8994253814523474 0.4321465995675141
-2.5894342219663846 0.37209842924668035
-3.253488397681435 3.3609600441024425
-3.206079971834456 0.9280690265004642
-3.449064694862055 4.4723388342334
0.3224578205314938 0.42611996906958943
-2.5318620419816247 2.180414197173203
-2.7507427503046196 0.470628197645146
-2.5842403139683117 -0.08111707002708689
2.220068875850754 -2.82050529329431
-2.995043621169792 1.1512332115376027
-3.504434364694365 1.403038272289009
-2.5283284746495522 0.22066256971782208
-4.115826587861158 2.0607484366224527
-2.4325466432489615 -0.7001239696115211
-3.615116917991281 1.2328236244274615
0.8929191766105368 -0.31831310211941566
-2.8726809591575373 2.7602771143353113
-4.3869987701990185 2.3694938745019187
-2.319108343622845 0.045464795180644585
-2.9679787683325705 3.006040290474726
1.314135258901281 -0.6637089947295844
-2.5231769507351864 2.9419827971364647
0.9522617735895921 -0.37027442942795236
-3.6662464726136177 1.5984417482216393
-2.7602868509569434 3.142601644524133
1.5453968015451551 -1.5910117780794302
-2.7383679371120193 2.2672430693543597
-2.684112652528929 0.0876006215107975
-2.0246849657695543 2.3747692804411455
-3.2912754983933876 3.187244428573
-3.3904405928006356 3.4424440514867913
-2.665183662361598 2.6257438520016274
2.1822317099282906 -2.181789702073364
-3.7696260208812125 1.8057632951780445
-0.01597548107501954 -0.011092745926390892
-3.610549620394189 4.218742593839713
-2.4496764533745963 1.8226567712823685
1.8940308180162124 -1.4660868817113795
-0.18195393289582315 1.1859071690813667
-3.9651584042710684 2.2566671725421856
0.129486008042328 0.09264393575234574
-2.586642567347934 2.7812366614371618
1.7420889098885346 -1.7235818969512868
-2.0697168582470202 1.871226802906307
-3.1526062728901323 0.6510691075497995
-3.299996468225292 0.9298854729341
1.4461125897094453 -1.1462433920424413
-3.9437736006148607 4.692880316934508
-2.2355209713777784 2.184189879953511
-4.468351235199731 2.4485411031033246
-2.04844894517189 2.0874965021809544
-2.5836882811087394 2.8901755475015807
-3.140955537725553 3.0994451373400707
0.8520327745278248 -1.3294863497003282
-3.407645317315953 3.629308923046054
-0.009368516451595659 0.4900770205016789
0.044494334623356425 0.18649193312659057
-2.4408773325567994 2.68524123580277
-1.6734934765096587 1.8777920989657284
0.7241516374558408 -0.8640852156618745
0.6557159607992371 -0.4344800025500622
-1.7070963274766777 -0.9765295854563901
-3.7931355348219644 2.413435903804768
-3.0985324141586124 1.0277573847913264
1.2838484879783176 -1.5350978965871556
-3.561694636744529 0.9199183691905829
0.36244467676386494 -0.025342327437309582
-4.82156631738891 2.346491547239017
1.826443247423765 -1.6554175796704278
-2.9327981037869866 3.1220856450967536
-2.214342499176097 2.4097787102020933
-3.1537955871263414 0.6973990057075524
-3.3446206713882227 3.312285322917443
0.8130812721344932 -0.6086571694385408
-2.273839576449558 1.7788221017541594
-3.908881464968465 1.5724583797991531
-2.579750623385374 0.6614393040431261
0.8740028393620046 -1.196337215337814
-2.5990535338182856 2.895933936940885
-3.484131418579933 3.576972124250462
-2.8209256263631253 2.4596265338353183
-2.5539092468649796 -0.18424666178087068
-1.929961719027695 1.4667865691307156
1.282808480726684 -1.161358705510072
-2.087380939374139 -0.6088255925088933
1.4524675409586607 -1.3689670417452524
-1.5213718628114217 1.4622756408507496
-1.713947728806313 1.3022777325881238
0.2801067610282794 0.40920288552206013
-2.1729863182481144 2.1325634023610496
-1.3756579607817783 0.5116971805917601
-2.4327466203489814 0.003427353705623212
-3.49773905801543 1.417410198543848
-3.8213720763592076 4.230735779933675
-3.094615807775067 3.557602835082097
-3.0216837428695955 2.8598542400765514
-1.8023092310340372 1.9952768403238867
-2.365520383158519 1.987345818301424
-2.7532576646397082 2.6736567541466725
-2.425564803646365 -0.26518569286820043
-0.27914490691915944 0.6459763526885997
0.8557100884824616 -0.31391576292942275
1.9802260041821176 -1.6164506505421312
-1.679445088029253 0.7766325213937492
-3.429860674922033 3.7966869156557967
-2.3934209773897397 -0.36463436342116656
1.8656628071998154 -2.354454053369405
-2.675192168288149 2.6595622913330836
-2.4963062658139834 0.5251287812866523
0.7903208007936878 -0.4199410947142401
-2.029713553825892 1.6740834739505084
-2.591330597909502 0.4045276107203704
-1.5789062539217975 -1.2332276445727977
-2.373995535601895 -0.3541989829098509
-3.491166435675227 4.092943971585698
-1.6692206088395625 1.4189994329992777
-0.26292129827868677 0.47663622915660586
2.3695609488593425 -2.5850516986359504
-2.488923580154015 2.1786703689294287
0.7154018979226686 -0.22963016816412177
-4.070340526552076 3.771306413989448
-2.7085041493090745 0.7285445461239032
-0.34677249337864746 1.0193364078498122
-4.42381123210094 2.75746794179841
-3.442766537442975 3.1941725548188566
-3.866219437985274 2.0573395996751582
1.2278859157253195 -0.7570645431122957
-3.441985655162332 1.3384017860184854
-2.505108327563036 -0.0387900413211873
-0.9822923815165853 1.8275857268685154
0.04234726437554979 0.09141215839367466
-3.1000837692823495 0.82575200912759
-2.8741019644160977 3.0039031623008143
-2.666034599326969 -0.12819955055369775
0.4556021375010204 -0.07085605590840072
-2.9557078737124063 0.8377507080189504
0.16261507975719927 0.3218934866563778
-3.672054646089752 1.2817844689223836
1.298189514389798 -1.062818686512356
-3.1324808745014603 0.8395753545522395
-3.0897053552706355 3.358949084280705
-4.048280253093881 2.0435605939243677
-3.946211193034116 4.1062969502427675
-3.4428586806260095 1.268086280805366
-3.114203753338798 3.3160869245161297
1.0609348816066446 -1.096324485443064
-3.2774544134731602 0.767379476329976
-2.7243258411078544 2.791701994501618
-1.813522211984217 -0.4932108284499379
-2.124962707559054 -0.5301342314877222
-2.508474307004475 0.10381161653969224
-3.3471680205282994 3.6442419013003087
-3.108847391656184 1.1383060820833564
-1.326997833342775 1.2144853255936718
1.2965355173262527 -1.4095066263153269
1.1225292466284782 -1.0472061398370947
-1.206246562300148 0.2556113411087536
-2.5435444323609726 2.622059309523449
-2.055010559141522 -0.8577182474378968
0.31378914296496635 0.032592473416378845
-2.8031266465239466 2.6660130234556347
1.033774563211272 -0.7717348717516603
-3.8638230840713645 1.7040330449032903
-2.690445636544561 0.6784976807366195
0.5163752178187517 0.1463693470208551
-4.468769302505045 5.372733543935626
1.7749952811985683 -1.7026426605086213
-3.712607804541497 4.637634298238112
0.6656919782446707 0.27268017009880724
0.4744173982183529 0.1469566884005199
-4.340219663198959 4.422240345476902
-0.10897638440255965 0.6374090884243153
-2.691733842895141 0.7216262736359655
-2.3136285852145226 2.6940681880340254
-3.6001218400094603 4.32578379370947
-3.4762294598629877 1.6940688853183896
-2.9256883378143868 0.7966296835948667
-1.7581955534551275 -0.9208822044769513
-2.447239826185926 2.5054728284284966
2.415145269784469 -3.3981804581041626
0.4858642466309582 -0.2780632189122051
-2.367211382653947 0.5132514915046037
1.7189230842728824 -2.2462273191498747
-2.4859492267930916 -0.045543225517020426
-2.795053459041181 0.6806961445842589
-2.2470172567028586 1.693480534492126
1.481617548516273 -1.5766454027642622
1.3646862613923547 -0.8229435945041839
-3.066852424355079 3.2836697770406778
-2.9371504152633814 0.9856219043951796
-3.360461416081442 1.3583556943075406
0.9929361596237055 -0.889981255250411
-3.496475226633059 1.3477262096148086
-2.810600992321113 0.4930662317544157
-2.5602076835343364 2.3038483472902045
2.0619916688819724 -2.001903396576522
-2.9149468500311375 0.24076845823814447
4.1416940729836575 -4.877327927592576
-2.35130958583177 2.0923795392659725
-3.3928766686005583 3.822537639961982
1.2379649238134172 -0.7099852768883874
-2.4178880047999636 1.7592764463768285
-3.2137188926437097 1.3067531821158211
0.9819908566178612 -0.8108243811633803
-4.269602010706835 2.6474706044515646
0.14166581846754756 0.48985890640826857
-3.117636573169537 0.5506974872766951
0.4973389922962595 -0.9332870792836613
-3.2328129644237724 3.385148931031473
0.613096798795751 -0.5831532438177333
-3.40561678092219 3.6930944049619505
-3.573593041751314 1.8011262857154346
-4.259359758237327 2.1396922596514125
1.2205418552311689 -1.4023661577773952
-2.641043330624939 0.4203731252693742
-0.30286777202996773 1.1846266213264016
-1.6895002258608949 -0.7740683121464078
-1.7392258518972137 1.4319268630872894
-2.8536991729318735 3.2087776657404725
0.4114189467942986 -0.15905723539949337
-1.7166761167707838 1.4276462405596293
0.1781631576301851 -0.037068214916173355
-2.805375495683454 2.4277067540177093
-3.3109356579650573 0.5281789917709144
-2.3686705761780136 0.047767247391488174
-3.347788666458163 3.1688616760953354
-0.5841867217084568 1.2290725434353098
-2.6540785708526227 3.0338210785840136
0.09388877010844922 0.5116918428812707
-2.8351615525245872 3.651829451382728
1.6745316998314177 -1.4009402845557686
1.968172010130547 -2.14288776999518
-2.6677016506790756 2.920972021815567
0.9420776637956956 -0.6007936794126014
-2.709784708890935 0.9982408986899222
-3.246163183573378 0.7926500070488485
1.8561963276784632 -2.1861188651807244
-3.706101434641792 1.261843296222219
0.3784166066275147 -0.46141124054035476
0.48567531023273525 -0.12247541800452637
0.7509461462107688 -0.47290627547740005
-2.5707044024050254 0.22674834349469492
-0.6919931682791528 1.158179311105133
-3.544054352550445 4.137096306677978
-3.298954425860741 3.111631154558563
-2.759004977714644 0.46207030329101206
-3.333039618805365 1.3732086241953652
-2.6829152265417955 0.13124064489636805
-2.6305804418105376 0.26718881771604697
-2.641205300443302 2.634430154808312
0.05931933995888018 0.8557793990998215
-1.957794421626813 2.25550176690627
-3.5005735635602773 3.5527157777566813
1.2213923626138041 -1.022331007169134
0.5313275343582182 -0.3650322334609218
0.33200064787249517 0.17363279029993484
-3.0204812657247793 0.9576177499287272
-3.6355231267166888 1.586945315160195
-3.0530280741659817 0.7906535802708271
-3.7010295476658492 1.104290719998005
-3.5922798146336574 1.800702216658355
-1.7760780874334645 1.240194502032208
1.4533906265070289 -1.3864774431358455
-3.7537793916170985 3.915931729187465
-3.542311875464111 2.064027773356885
0.632501515047981 -0.14337752404604254
0.09116101603189267 0.32528081210139376
-2.57148339696991 0.23711814450840737
-3.466637713562567 3.653847478988739
-3.536114166862605 1.711406788224023
1.6186986771584646 -1.2777757114981128
-1.6187719895804895 -1.288567044096046
-4.04543902817468 2.8218944376821655
1.7189320625566513 -1.239680028118961
1.3647270195383143 -1.6285316573268838
-4.276980761924282 2.2931996654175877
-4.727689501657136 2.958707562167181
-3.8127393000963408 3.5385228240653777
1.0634348124638169 -1.2647299317475749
0.6333739838204573 0.10384697785098206
-2.436463773115115 2.8453737564509076
-2.4953365233666136 0.48602417009386206
2.8017434328805226 -2.969032891313463
-4.122382080386012 2.0576217597713984
0.9256885924041613 -1.2135726861911142
-3.334696095625382 1.2415556116774484
-1.9806490544488808 1.91302810400775
-2.7266766404883853 2.660050489033726
1.5119901994124054 -0.6128022713834802
-2.1126172718038427 1.354712239916776
0.8400498827114855 -0.8739441013527592
2.2607019739185668 -2.6338053592709016
2.0148499970334908 -1.650985686659607
-3.0144555642504707 3.981671442556321
-3.039592441182993 0.9402815642299941
-2.4047336183836587 0.27536706444422726
1.4618259979882116 -1.096566539013224
-3.0456573724797886 0.5791628880495128
-3.6110205716593486 4.205121605777579
-2.7686257871809823 0.7472026743433643
-3.2704113071934104 3.7754448723987224
0.6103853975610353 -0.20976164252022445
1.1328559873140027 -0.6865285992807473
-4.450780856562071 2.969224915619833
-2.9046665024189586 0.6911864577470987
-2.9880280363004714 0.6244834932987813
-2.291374269956819 1.6342345149014652
1.8333291050522802 -1.7281394418056322
-3.7856081754179116 1.6523365702935568
1.5610150907769245 -1.3498502845403437
-2.625085326885758 2.6084574758713717
0.8472719174965101 -0.2721838694976335
-3.2172470769635537 3.5902735444886176
-2.754470204654572 2.7231841979770923
-3.613565992275801 4.059602276295842
-2.5524705725178913 0.12691546080721502
-2.8330685110057 3.029278538740123
0.9901186873944744 -0.9080615271347141
-2.85579575970254 0.15818311007151553
-1.5919722213607845 1.1466375963154256
-3.0454353228817617 1.0197844504630436
-4.23087177645066 1.5529020100727056
0.726561998515299 -0.1842807260995295
-3.7311933668367554 3.5475446631209264
-2.3244774786670295 1.4520240503191204
0.3810996471720531 -0.6629494173410416
0.41025292367669974 -0.10039545701217531
-2.8945955803872 2.551328156881657
-3.5429693521690804 1.617632640091308
2.6063957533443656 -3.1383213868421658
-3.604808898409163 1.236752158342505
-3.220543260024313 1.3987602075113383
-3.204891505036908 1.0738931281684077
-3.451897113266977 1.7800779899437946
-3.4783516196876847 3.603058392877811
2.1286062130750043 -2.512865316182015
-1.8131120704241186 1.531395996371128
0.0699123597916898 0.6353037516203209
-2.2400440611160373 2.591901013507659
1.6304390402744837 -1.4519362948065406
1.6092559185228243 -1.6772406175503078
0.26042102902174563 0.6180919736599971
-3.0036628749069036 2.737114467144583
-2.227557992798424 2.3593695137020663
-1.733883082739637 1.556062046571481
1.4534741593026181 -1.4178959057106275
-1.8454175301054074 1.6712081582130338
-2.6194380202425482 2.4534530256853304
0.3450984476164289 -0.6015409882969244
-3.0722951010795674 0.7097614983439887
2.311410910652414 -2.1117703869439457
1.204103900702503 -1.1412439877831235
-2.1935156700771556 2.237814524435462
-3.1260034692106906 3.0699185157079394
0.8923700733110673 -0.40072650347637556
-2.4141408931068824 -0.09146954531221221
-3.084958086610487 3.6026990917751283
-0.75256614792114 0.45624363803431844
-3.6786244524891027 1.744481113262192
-3.101704332450757 3.3671684042689938
0.05591742871496167 0.8843051513999063
-2.5199696977343136 2.4678247136899882
-2.0063643915950244 1.6978459335557339
-1.8208895140973769 1.3622148255258453
-2.7450045692898084 0.46136585478482667
-0.1568857096760133 0.12876220147140635
-4.1147419732293224 2.3202028912440986
-1.7574916694215956 -1.0858074652435845
-1.6684683259247008 1.721299103313718
-2.6488774922211777 2.51099766036129
-2.982803039997046 3.0058323508396723
-1.5840044276324232 1.3964945090282803
0.8546225444174945 -0.6110350179854747
1.0376224065543571 -1.1209300789952585
-2.987692549705644 1.1729661347204008
-2.9152457365501636 2.2277228298509373
-2.2567821551882354 -0.2498776400315623
-3.426716452292421 0.925267850282654
1.6334804965132825 -1.2580626971543818
-4.86742481603308 3.181091851633869
0.8723843661234392 -1.114168591961145
2.396648034653171 -3.120134148103938
-1.9753946583057271 1.900979715796964
1.8401790614622127 -2.1328834629125706
-2.9418052724353494 3.2503314629649243
0.4131143162389197 -0.32241199018381084
1.8904109284811523 -1.4441355453044793
-2.5659896677112917 -0.22052434555348852
-2.2282765659902473 1.5928100728150532
-3.655743042510888 1.9608081826597705
0.05904343257871774 0.22395014851272377
-3.1997715989699795 0.690895290318331
-3.9240241774731635 2.2701760828891624
-2.69512513217038 2.735079150243809
-2.9230466824694425 3.007214103839837
-2.483854349812012 2.9301119631486996
-0.29190503110054966 1.068896687898682
1.4091642295300586 -1.038596388508701
0.3190393603391313 -0.14981459047766738
-3.4204220910060874 1.360540978422869
0.5902616470219356 -0.3056402215110876
-2.048497237003667 -0.7378547605362807
1.2847345050537038 -1.3454775214850807
-2.195527657092391 2.3427391773841624
1.6852896262750705 -1.0709282139026892
-2.9750584726287532 2.721383064371036
-2.241870466662521 1.9754922303421334
-2.1019455948129733 1.499972184844026
-1.6354601814024068 1.6788379910034246
0.3786818024778673 -0.7225762532457255
0.12105074623812509 -0.07717491164673199
0.6232333576613298 -0.6979742383944669
-2.743239402779533 0.30347792281983593
-1.7848571170468375 0.9445266264120769
-3.1655403401742483 0.9742653639652444
-2.340817205371008 2.236117806116902
-3.2050457266866603 3.4594421067289036
-3.7007661085750185 1.7101398953053595
-2.845322444370133 3.864063181566035
0.5165114068734487 0.3135813889539082
0.9457813346396701 -0.7162023423568251
-3.356830574766069 1.3484690519150664
1.6893474083714417 -1.9175363730115067
-3.7545270544262555 1.7803338527993677
-3.067306933008847 3.3425300571046597
-3.1708175701692705 3.6249765924984763
-1.7712902421205523 1.6750778653773615
2.8183068145502004 -2.483033837084005
0.8076083114841 -0.08196438415789255
0.574446726726178 -0.2723741776115937
0.7685949337811538 -0.3554449062120809
-2.17994843272264 -0.4283396112743947
-3.649679436840097 1.3000091838768681
-3.2156905663671025 1.4357872272566898
-3.159607834510037 0.802699047646599
-3.4644105742453766 3.441617842096344
-3.3548115547553703 1.5562675256710048
0.8606581133781255 -0.7355457702068154
-3.2114737100390065 1.0591439083693301
0.11251971258232331 0.37700098289797085
-3.6732520230386028 3.9422277533311867
0.788702552202032 -0.7220895141645343
-2.224588129659501 2.6054527880178595
-1.697907193863198 1.3352687584792644
-4.082161403061201 2.0022209241286233
-3.476671092155127 1.6993641304073757
-1.564002223820647 0.817781006772385
0.4686396479603458 0.16983026873681792
-4.295727880163293 2.7332818710602305
-3.784558953510231 1.419577422845689
-3.3675790240373824 3.3802047610924597
-2.7420326931734222 2.803024686717934
-2.326844328837135 -0.26324348685969856
-3.176202399327997 3.733014107351357
-2.917919848043063 2.511231568297517
-2.345934768270005 1.8020194523318966
0.7463725920436309 -0.14685953265614346
-3.3421443677976375 0.8921153840647412
0.887240397079801 -0.9461478433265733
-3.5664836049895405 1.401793528405681
-1.3339845694664263 0.8099032024510358
-2.0858094830523393 2.0583579171627084
-3.16176760906226 2.9910083479076386
-2.8332618442830317 0.656932574228417
-3.9905938647090156 2.4014140979376255
-2.871360799707151 0.62102323433984
-3.423315936184595 1.3781765527146161
-3.5542923336210728 0.9373791216167965
0.5084745620857877 0.15705501581264406
-0.3135569497204177 0.5337400485754612
-2.5831701199853785 2.6944825837859407
-1.9416978858920981 1.7167577639581901
-3.172190542245225 1.5288113279816344
-2.6485681969152037 0.8828901266000084
-2.1667766848562744 1.9914279050037647
-3.4543602970577667 1.424407866694174
-2.5160190257593067 0.45294897151353086
3.7616441723554517 -4.130747916633299
-2.6536216460124007 2.860626904372874
-2.6349944846950497 2.9603824264150336
-2.8865531354057192 0.6672643329637142
-3.248896683854547 1.6013196741487215
-3.668874261671324 4.078853000138354
-2.36268891963804 2.0151129582125407
0.87932460244403 -0.9035009796256402
-3.760812552551508 3.945138809938229
0.5883644427731269 -0.08527431636869112
-2.9830258113483783 2.960590966321542
-0.4437240949534543 1.3001445480485372
-2.904623173948388 2.8078855988172933
-4.319728105187302 2.3915447802958436
-4.199120157717928 2.20920233734422
-3.3546506754102245 1.558212013725798
-4.107221775517553 2.0388250693876997
-3.3378938624135173 1.2761867451564326
-3.3753465630669144 1.253986851248763
-3.1894798333870193 3.1977471640064237
-3.395978617989212 3.881327131916939
-2.4133032830535854 1.902718787059563
0.7667471718790013 -1.1742754117598653
1.692415589696767 -1.92782306579867
-1.952803781819999 -0.8226018189274533
-3.1711325827289287 0.7886587438055147
0.7083244003820498 -0.5304845192007994
0.6529708436473418 -0.35748608573185015
-1.4771725149880468 0.7050308673061622
-2.260073610631494 -0.6289510345318415
1.2011193049094173 -0.8252725057192658
-3.3173309550885643 1.6781819201214767
0.7057846471811766 -0.44268761145068053
-0.06171662442254941 0.7879882908582445
-2.8176340247971523 3.197943339552204
-3.7191863659895112 3.659322354559054
-4.206477019270687 2.4132380981146744
-1.8857125295481176 -0.5197609303756004
-4.02943409248709 2.3209191966685165
-3.076530781594289 3.652743576524149
-2.9297663664894333 3.2239104248095867
0.23201572696098582 0.21565000229346776
0.5365394166856319 0.08499119793337313
-3.968041592624042 1.3873091491458862
-3.049952300328069 3.1110496186194365
0.7595382185425409 -0.6865005198546092
-3.5656559070485465 4.276545012994603
-2.5809819758924437 2.8690602328410826
-4.225470542029559 2.5184696129925035
0.8438256744271194 -0.39710028364096894
-4.032371194757175 2.1439664724654155
-2.8268259383604186 2.7255595506349004
-3.113864246382203 2.5757263091285454
-1.9489483037889574 2.1776472549884396
0.7163030548500972 -0.9148265697623259
-2.867493184282169 0.25054313644536763
0.4997583458198969 0.31187129276896874
-2.6666741865877963 0.0581839972365908
-2.3037325432951934 2.226808919661332
-2.4053348401830226 2.1482810466234366
-3.566013654084531 1.2168997017289058
0.17841387673174466 0.40898994276174233
0.31741680095257885 -0.3045485501556535
1.7932393870792627 -1.935329547132089
-3.960586950239994 2.538776549206033
-3.2269763012903856 0.7272296131797605
-2.8669524371224417 2.9082358300872095
0.5896479041612257 -0.4110153611574339
-2.2947906818136627 0.04907551329908994
1.7143560970386305 -1.434164309074153
-2.632732847974296 -0.47716980232054507
-2.1106041878365343 2.23235896327231
-3.990337689528382 4.461026729060478
0.4726839427149794 -0.39372536376845824
-1.7608141477242694 -0.38763902535443345
-2.489608971846347 2.3620481172182193
-4.199504524745081 2.7919347629259073
-1.5326019552767274 -0.9694951866618163
1.9116556808802512 -2.0926776043893835
0.8338064997646593 -1.1299438460670206
0.8142381898453565 -0.6633300981635504
1.4469470448106132 -1.2012206552356617
-3.3885636552670855 3.477642706696323
-2.4101973056830306 -0.0018702169789841085
1.2402155897186011 -1.2058357304659388
-4.159118839779739 4.920909054861748
-2.1887180814249705 -0.3359077388834368
-2.324584759171616 1.8642739761383287
-2.5707085176606244 2.041162035272455
0.9660477587471843 -0.7998214008432598
-3.385516445727789 1.534087351680445
-3.1850738644962915 3.4348466565007496
-3.5062057716377866 3.6289701261994987
1.3920802856048335 -1.4312045054717546
0.584977672917408 -0.5625894108356434
0.9755173177575343 -1.05030579804831
1.2079169417991282 -1.0387247727352393
-3.112742891315959 2.363720733566319
-3.2997695242323863 3.3927814978175843
0.6569715379386306 -0.1352494016722273
-0.6169041991470222 1.423215283050277
1.740125177701184 -2.434120243878929
-2.564967089156993 0.2099500718846735
0.9823617715466254 -0.6310222868244281
-1.8418490997749926 -0.4478699923076145
-3.4261378333038066 1.3577131590725235
-1.2046357426957346 0.7379967392318697
-2.2905673781030282 2.7889793460656658
1.6398280762551454 -1.4643261574345494
-3.3871678865051407 1.340701983767094
-4.25825840525535 5.120983527791107
-0.2587231516715859 0.5204876204046326
-3.7308167285095077 4.250200682827866
-2.4197166693602283 -0.43970733695604713
0.8011650849558108 -0.38716515252184514
-2.8296142160409437 3.0779295276801157
-3.508738234251458 1.6161149458451223
-1.9871497823376207 2.4530171591750687
-3.0164996390459224 0.5937161251850156
-2.787880474717854 0.12721495692421408
-3.8193106992879473 4.427159389705408
-2.203384714168585 1.8074738921389912
1.4852054763420017 -1.1963109652866206
-1.8962150659432921 -0.5780122302020085
-3.0941921857486103 1.1785588997732654
1.0125237661990532 -2.7944484879659226e-05
-3.6583778724171605 3.564992925337249
-0.7441160933127644 1.7672749680035946
1.7489312085347517 -1.8244891167063426
-3.5101596503058836 4.239028073432192
1.821801920082548 -1.6889589407398902
-3.147761823732051 3.5662840166603758
1.3935903031946448 -1.2471407186908732
1.5072654781930863 -1.7674486182839486
1.959871727763326 -1.7841012814261017
-1.852206709270851 1.564792154768685
-1.543716192395365 -0.7543710999144505
-2.919545607097593 3.762702771592767
-3.618650771693834 1.2130420203970445
-1.3466463884399282 1.0351053314987564
-4.049267125482262 1.7265438584020274
1.4459957067599674 -1.301565641477127
-2.614029374516055 2.617774191183876
-4.257968061271127 2.801272233156691
0.42441398796182755 -0.461024696890311
-2.3199940763223426 2.0425989266790845
0.06815543607059706 0.5848599964362952
-1.291063908686321 0.889534583032923
-3.057870088492265 2.9970836325125494
-4.688554880354546 2.5489578749690898
0.6729438700502433 -0.4523624152376769
-3.121633235718409 3.5008970950645923
-2.2855410677335835 2.5760961496572774
-3.39228591919063 1.4239738790718888
-2.4265032396572677 -0.24963741602721376
-2.4490712198259965 1.896052525291704
0.067682045642863 0.1955410618986931
0.5738522805563095 0.0005333907235448103
-3.28422037699631 3.359921533324687
1.3541667299457283 -0.7869526027824219
-2.99508716084521 0.4618940612122837
-2.846135080674318 2.9114024090313273
-2.066753418770019 0.4372477622973473
0.501822955109533 -0.4303303298678883
0.4395639857346465 0.5480388902203475
-2.6836151541378976 0.6066555849025211
-3.055321895461842 3.1213201600178313
1.6181041998157881 -1.4994744382950151
-4.732943309315298 2.831220886558087
1.6724143303501926 -1.4373952645107089
1.3971180768176235 -1.6389551290141597
0.7018328375733759 -1.017785831171009
-3.2967229862382452 1.15086928824019
-2.1951276384447267 2.746438022991355
1.5739513215169925 -1.0117657379989962
-3.3212451612417393 0.8291345853007385
-1.937875478968466 -0.7406003240882559
0.2369311903059058 0.19519377515846664
-3.327274895055614 1.3918794178404896
-3.5882897966105496 3.9001466099565216
-1.630614565026717 1.6169137392168167
1.5594662341151035 -0.99456867378329
-1.106176864714959 0.8596944636521802
-2.331610894028039 2.594773279786499
1.4323125214754098 -1.3206668388034837
-0.8434715389446523 1.7640984582095947
-3.2203847121275797 3.116314284203948
0.8907583092088753 -0.6226848523516628
1.207503470818306 -1.0177975774555428
-3.5104781471891067 0.900308046162299
-2.2293718607415935 2.249743651793615
-0.5168452635055405 1.5937797814108137
-2.794537237979307 3.2980008389934907
-3.234766589949406 1.238879049706485
-2.9094256152694484 0.5909077023760589
-2.1975421847492975 2.6066306565526864
1.1356640079933513 -1.067560619947575
-3.623264109757814 3.515809973290343
-3.442430698901296 3.7537383594797
-2.6548371149587093 2.244620402952728
2.4215415574455967 -2.401174992301401
-2.5954594566991487 2.323254766981896
-3.598485786802279 1.366421059779609
-3.912774764074789 4.736509260572532
-2.615993561297924 2.3935831680494757
1.3807491411798523 -1.09777928957679
-0.2576870859974032 1.1165254149970194
-3.3156423619667676 0.6560188384094453
-2.8828782960322488 0.5045131023970344
-3.4638873814940707 4.616828669027564
-2.192668197312516 1.780566709350834
-4.458230218030674 3.024154260226746
-3.6761030293047168 1.4416900331983187
-3.0776394710247246 3.096157583217367
1.416312739499875 -1.824312642502636
-3.542869535631593 4.189747926387825
-2.5889402773550048 2.405603780506467
-1.8516219024250569 1.6270468562547444
-3.3450627501971297 3.844594294675413
-1.9337298363017135 -0.7015293638098331
-3.0827149703950507 3.364542560625606
-3.004645242902777 0.48935960004685564
-3.081040547361034 2.8630692968989604
-2.2718565647012396 -0.16515059764203696
1.4581590189421234 -1.4879286540933967
-2.8688939826720152 2.6854062658163733
0.6536602292111288 -0.6245920503662624
0.2909189486794595 -0.04352813113800268
0.044607766886919344 0.1227389463135271
-2.7125106946297324 2.3475879125082266
-1.941367419393869 -0.2399474530558781
-3.7043606991245563 4.304332386294237
-2.8678812278044634 2.861656759721944
1.1119911311080872 -0.8596236817817776
-2.5126342430997677 2.1272435178499247
1.6507888869435623 -1.8910002413399039
-3.3228287194960933 1.3850173923822158
-3.2068858497138026 1.1618586936139847
-3.531479696736099 3.9105217425401064
-3.9786275907527062 1.9121713270406668
-2.8917424883543013 0.6979480792292416
-2.1383888431117173 2.21505848198862
-2.6750306319015005 2.0066744140242907
-3.38617237176469 4.299002972574228
-3.1001423512302515 0.5343012368420033
-3.8411773400449873 4.07869328717772
-3.6117180018640807 2.107298920870402
1.2355352284463128 -1.1279071030322934
-3.5267658839937273 1.0790544247958591
0.6652452352433299 -0.277835630917907
0.2601078780009592 -0.4195162972474609
1.339643409161313 -1.1156560619044287
-2.655367376722584 0.5165149582769565
0.496736549884764 -0.7992888709626496
-3.79680774892651 4.327316292693834
1.5821852946297157 -1.3018019252612505
1.079824077540711 -0.7063273770301569
1.8706760427509732 -2.13301518950285
0.6655441968118738 -0.8200424198150763
2.8809516340500188 -2.8171677343126267
2.3055240083926467 -2.255269825392183
-2.2465879399927213 -0.32295473064917934
-3.350162402551173 1.71598123949387
-3.307115317601774 1.344339347571098
-1.334162331874047 0.8562711757236016
1.107432646745577 -0.7004391592791052
-3.124637880052104 3.1711351023303744
-2.249342974159388 -0.22960189143818105
-1.7868685381838614 1.3516775286902918
-4.069830497249986 1.8664749659430953
-4.518897629665541 5.689277771196257
-3.0047294331898433 0.34985029759312175
-4.672411715105917 3.1624607191175373
-2.374219283870674 2.3589078484687938
-3.3640742959274923 1.2591865669709572
-0.16337578274395864 0.6726128640349587
1.2765458991314074 -1.1752736098652625
-2.733605845640454 0.2686348914796025
-3.8427963079155787 1.970102070412595
-2.744367070020826 0.5447243346553978
-3.079142650300403 1.1996083636985901
-3.1611622147536624 3.1993369450246556
-3.9826764469170164 4.106909459038942
-3.8607075008563747 3.6062303143835654
-3.960255972491853 2.2036767341222423
-4.9746983431194955 3.341464509871617
-3.5003760211263266 3.5093345831278633
-3.436738416407796 1.6072368987451142
-3.537808534187917 3.535689874333848
0.9030479747433143 -0.8733267214886683
-2.702542941840468 2.6585018002359817
-3.8543085713641148 1.7606789618169174
0.5096356857318659 -0.11578414754720553
-3.252922494274098 3.4030158973081504
1.9342285765302056 -1.9509968668185753
-2.9399152013437555 2.622849858301083
-3.1567950401333764 3.3905854491313896
-3.0555757244210975 3.5149992423203527
-2.711684458919988 0.80073066162353
0.927590091734105 -0.6066361276823594
-1.8456407230134455 -0.01642390588992336
-3.0523814340760707 3.148484606506351
1.1912187602983895 -1.1811084413668653
-2.361806405598364 2.13844481153366
-2.341816229023482 2.194422245817746
0.7694549534841121 -0.4940133310314549
-3.0460617824723037 3.2552535629913373
-2.9132427705200072 0.35205976212932777
-1.8437436821829851 1.6496417706450592
-4.076107119323951 4.532558216504231
-3.572503667128356 1.7666585244788835
-2.9068803159279635 0.5440031491180373
-2.8062931192056713 0.9022274296190138
0.34205541527913563 0.08674923081621728
-2.920413518071927 2.9681556382646512
-2.5472574193437323 2.3880471883117975
-3.2919809717270407 3.113611762319389
-2.422719793769988 1.2105261017605273
0.9307926260892925 -0.3034024737024216
-1.6319471671314234 1.5891123363281094
0.7830565208862807 -1.1506878929192401
-3.0381261032320563 3.5508436014012954
-2.10629072573412 1.324610136888627
0.6363857592192766 -0.4899995390957262
-3.9340062350177707 4.478653127899231
1.7310148825627387 -1.8642036286376753
0.5946374161872311 -0.2412214531562981
0.5656324596167175 -0.5732065841465094
1.4610975609557986 -1.7185540707894922
-2.9787200681907566 2.906227615229458
-3.039200887098814 0.39436432051065173
-2.077433393753405 1.688337791581365
-3.273856426039987 3.3211215716444156
-3.361663992979327 0.9648854882874889
-2.0241860074702185 2.0686013805542673
2.2127291077330624 -2.6143861066655774
0.41089178464281806 -0.029008375790823496
-2.4851496100840276 2.113494157951622
1.7227814442786777 -2.016223370450645
-3.5882603823157893 3.501613525556576
-2.6926910054099142 0.38669529949852255
-3.256574094087207 1.0104607187810852
1.9614297973759012 -2.222184963376595
1.303749719603517 -1.7250048913755018
-0.009964121462211296 0.6211276932320237
-2.887894538537799 3.1344977273227954
-3.252992415253839 1.1883800173859307
0.35613228536092917 0.14629756857108456
-0.5781270188749437 1.3725135736578022
-3.9285503890690006 2.355351061895095
-2.5203878981180194 2.583168773251086
-2.7727044878308136 3.0431065101660075
-3.867664223466478 1.8695880899772659
-3.547606133181907 1.7120487524846446
-1.3740933087273473 -0.9896927754585474
-3.866672530703139 1.6788585971517889
1.2858457250150674 -1.4424339623719238
-2.8996532663212133 2.83476605985664
0.17268689808916876 -0.4664161496487446
-2.8265755344088905 2.6359563800417045
-3.9616844925229793 1.9052921983451263
-3.56137731424017 3.8942407235790237
-2.3745056766878614 1.8793724236377252
-1.6427196594556175 1.1137555981508989
-2.678760529087451 0.5884051002605459
-2.55423723077317 0.09740827896257462
-2.5755095927697673 2.724529426926137
-1.858239817033842 1.0866947152271165
-3.975675622665056 1.8125611949199771
1.3223276496293177 -0.8110469789841929
1.121373662439619 -0.8165289887663606
-0.8538717483971147 1.6454031438726966
-2.471868120882597 2.7948951020891295
-3.1894943104871945 1.1488255105222445
0.09897607421439382 0.15891532333604055
-3.5644273182924664 0.916962450138501
-3.5598659917995 2.4280043899717696
-3.6987225489978908 4.272835573213891
1.8316696174825864 -1.8189231369107322
-1.9884182480332455 1.7226256825768744
-2.8429309529339557 0.6925509494520632
1.1517693364647563 -1.5011767649144436
-3.28137323438633 3.387696217851764
-3.1246041888035463 0.8244585194475967
1.5174594854748347 -1.3621938683491994
2.187658200822568 -2.5401865251421665
-4.232052217177133 4.023227778882715
-2.3316756955228883 0.09541827588087283
-2.741979658782762 2.800174027537143
-0.6162335738109117 1.7291867031481005
-1.7897793513357967 -1.5480787719212914
0.43722993082081457 0.15389613428885418
-4.376684687585054 2.3599045130744623
2.8177850856568094 -3.1516730601517615
-3.6829270529181026 4.225994001644614
-4.240806492265841 1.9288380820436402
-4.083668007390483 3.6995950641628808
2.5157476293227368 -2.498448582571822
-3.4799197796972647 1.5961115194248647
1.7640553571551765 -1.20857528395636
-3.242996800091535 2.9883289303335245
1.107105617982369 -1.2067301796703398
1.9195760045133512 -1.4914615863839773
2.166239966248462 -2.5949419266075386
-4.392047036578104 2.985116397805107
1.0518767588853877 -0.5862322445507349
-2.437973657513179 0.4817325401987272
-1.9677881621269087 -0.38785235890713626
-2.7595345646731646 2.1606412021677754
1.2658560041932954 -1.1885291776117843
-2.684067435694225 2.361952171403221
-3.756283648450543 1.3318107629782046
1.8317559644717425 -1.966696144221497
-2.6817272346434233 3.097194852394132
0.9715387987525492 -0.8525663145488149
-1.7239903920942403 1.6503033955225348
-3.419145751681244 1.7896522213090826
-3.8246272950795053 4.14440786985053
1.7129069153908651 -1.589390358188764
0.6496113413460005 0.6921295021817149
1.5120353064344194 -1.8604161029609574
0.8625926209819758 -0.557219578557505
-3.8696466770410636 2.2246704731604625
-3.6112076481097066 4.173510800753457
-2.2048094416821393 1.9870721021333426
-2.2540365792370554 2.4753059314524153
-2.2469807915921933 -0.24596873315446546
-3.1955474041975913 3.832681908006512
-1.93541949829017 1.537260241628115
0.1047372253192786 0.650454001482668
0.5754077406981499 -0.07546604640159463
0.942376157459481 -0.9152283153472072
1.5248342716204362 -1.712518107858251
-2.6252653537549846 2.4474500013890053
0.02740688856485881 0.5976053923860575
-3.6793944571524175 1.0000618860400392
-3.47164799679221 1.3738638817107864
-2.1718639128746426 -0.3612192566357302
-3.2147979930182657 1.233400931510974
-1.965055961175499 2.163310655026612
-3.6035194793495795 3.8731663134677956
2.1756257022988694 -2.030286094652437
-0.05256950839168549 -0.005130656363372325
-1.830158434156157 -0.7659384865918962
-2.1049675933429306 1.8218903738254486
0.9934019616420392 -0.7279075102415854
1.0548063764207443 -1.223233693634499
0.38226602637481255 0.22278315596174472
1.3365162023292714 -1.3509286180203193
-3.681819830358749 3.8509014391694842
-4.101469099230464 4.496639469955158
-3.5234484706530877 1.3802923750042384
0.06761496971898477 0.41866334629933194
1.4214411625564012 -1.6546430001313517
-2.9894464225151633 0.9146094446308687
-2.806978598513748 2.1930986766652367
2.4240861987780806 -2.8851297683295027
-0.47852233929325255 0.6965440766809917
-2.7323428174438495 0.2560465548790716
-2.247674646526242 2.0982477536872968
1.4570126162363388 -1.6925998632364998
-1.7580808044111227 1.7687293830402167
-3.378023862015327 3.1435928312794372
-1.706892043596742 -0.7604258240841774
-3.4586113146501534 1.6269087799811508
-4.309920545538276 2.734867043149528
1.1399732957819326 -1.603457209302588
-3.8381453978159983 2.2602933353891044
-3.030257025867806 0.9618960370184059
-3.40664349722568 3.535413874433528
1.6693274134323592 -2.3427841052074387
-3.107947221235427 0.3307367353780827
-2.721815871302678 2.8008066068192674
-3.7742719663438837 3.838688791547888
-3.5561222985957586 3.9154417297149458
-2.6205751459137625 0.42299124855245007
2.0552088176691554 -2.3052832534866123
-3.691347811182723 1.8524991018707089
0.7556890256226348 -0.1233489549867884
-3.013054767003197 0.7697749295275046
-3.4855299327668035 0.46412084214170535
-2.0691762410093095 1.8221011316534577
-2.4148831471996197 0.2783584966775549
-4.654808940007372 2.8844025338831187
-3.1775277166083566 4.237117370369619
-2.864316149281806 2.466154022675909
-3.3392751623517856 3.8185731393585214
2.0381500021614785 -2.452326446248251
-0.3060547531277422 1.0001145154743132
-0.20280189573662472 -0.12761529364008475
1.7954363596556369 -2.119581726559937
-2.220396248697104 1.8760761115077706
-2.5338940515383293 2.587584643884613
-2.750898018650576 0.6093459711300556
-3.3910989947911347 3.1218743770542146
-3.296839411176632 1.4145640790653107
-2.3125525427035853 -0.298138336407646
2.3725885558855704 -3.503748725734297
-2.350558032175526 0.1513541547612019
-3.0658794076324214 3.3646101955169256
0.8140371696760557 -1.0450568386608334
0.2530985055352131 0.14366504858903104
-1.1664456593941204 0.4026452305223837
-2.4913165977406537 0.49224994440135883
-3.6202724667781836 1.2607615981985374
-3.5772617910584503 1.6778294871133919
-3.4043611501035556 3.1922126243572135
-2.3422042911363583 0.043254242969526145
0.8878782799182154 -0.48282238607440403
0.3686947921896694 0.0023651278208075967
-2.362132171943486 1.8043568463362198
-2.618626527021156 0.7361833915185979
-3.530169049813274 1.1853619847339631
-3.436045467373456 1.2779219051437103
-2.2278393331320783 1.7350548010834008
-2.3784464363195323 1.7837847343190978
-4.297520307965329 1.9917345915961322
1.564311878924427 -1.360083017831293
1.8148161669220986 -1.3964687250372356
-2.4265535465260246 2.084133493603087
-2.9303870329965735 1.1761236202899545
-2.409496103284234 -0.21844188851430968
-3.035206049061161 0.6832991612520668
-2.9175292389285743 3.4599492074662734
-2.9665069252814305 1.0998374328173357
1.1365461980869178 -0.8520037177058245
-2.165231664528432 1.7673026992123164
-2.8936599892150157 2.921703288873362
-2.9295152679696685 0.29040536269382133
-3.3855580420366524 1.4751021486077938
-2.1969808160403588 -0.7538559695194685
0.11101971026793349 0.3451909101688692
-2.215017984958304 -0.330100413933108
1.322719236884882 -1.4047732475566006
0.39618426301060844 0.3083414894503272
1.092425450889715 -1.4031873883891115
-2.3131459597769135 2.1979187952711916
-1.5426695733234566 1.233492038579732
0.29250949769679874 0.3973597737603418
0.05076735759749268 0.5137244000040531
1.0948399192346356 -1.0145864872122023
-2.839038299251172 0.39131099293044125
1.804007875568439 -1.2659517078954556
-4.140750926884281 2.0662433229831962
-2.12876860423974 1.7684230165212342
-2.81781548593861 2.79908989555838
-3.5446523396972096 1.9494787481613423
-2.8276244373240376 1.780298688311114
-1.3468748744537165 0.984311311677628
-2.1778331130525546 1.9824964357681232
-2.2535386274597666 2.1228854175915837
-1.9590850376807052 -0.6789412087638526
-2.7191250079420763 0.30140957325027307
-0.28357233176148205 0.8404098911077941
0.5255809652274586 -0.19470159326854516
-3.7648766537163327 1.271242906505396
0.3393215205357059 -0.15401367554057532
0.7706962565023621 -0.622127207086996
-3.405092093435004 1.2052647714206004
0.9842259989912616 -0.8302026564285713
-2.760572558633287 0.1799549626492891
1.9973630188497977 -2.2885713510445314
-1.299273945259702 -1.3147901418321926
1.3688731040319986 -0.906759893191301
-4.455558482170484 2.7284413495646254
-2.5778221352757207 2.6420032489807843
2.1507182358664325 -2.7818311381221377
0.5254402163462403 0.03378832161990768
-3.0170263660203345 0.36342093819548543
2.0588369198759713 -2.380971997476378
-2.2556073576418516 1.9723390589485812
1.6674611507239783 -1.9424592526383284
-0.026811112031757223 0.6632307601777726
0.23448802357596063 0.022083031074730114
0.8341051853232072 -0.8378679047306874
-3.3628482614293356 1.1123932244998613
1.369864383820113 -1.3360917716716214
-3.0779375876888277 0.380865365772641
-2.7249365993692964 2.3077220968584466
-2.8947910186853143 -0.03485269604287297
1.1954990602128799 -1.6345707578436934
-2.3836531595398043 0.1118589218646938
-2.8973572498908426 0.33608620237573694
-4.016014076368838 4.861242310700975
-3.473467371564784 1.7270236619231496
-3.5458407282734985 1.2888224614455774
1.9653102049898192 -1.6407821244707104
0.12739423454165252 0.20282471815794031
2.086287874771115 -2.0886330785175535
-2.8429943660305543 2.3011362764702463
-2.5907552572033996 2.5179255763764807
1.4721109391554368 -1.3390309711648252
-3.3296168086023794 3.7853928714960485
-2.1461853048107793 2.1640597555851424
-3.4129810274280223 3.6875007330832106
0.8470740205532247 -0.3778993032277052
-3.4888495821286396 3.5602162688577015
-3.812493370418989 4.20701804005731
-2.399188778102557 -0.14940493468412933
-3.0305395139435207 0.3790100275615677
0.47117203580490796 -0.38384502679985527
-4.306475352286232 4.652161810032127
-2.3019158666052504 1.9278769532977138
0.6492113935445506 -0.658423587717072
-3.797556453678005 1.9836413672061015
-3.3330033416099054 1.285427239120937
0.9305776957017744 -0.8587044849773687
-2.739855089446268 2.5836741891892756
-4.154335531602549 2.002153063208035
-3.286770952600901 3.770611270360072
-2.11403579825 2.0359161174400002
1.1654788535112461 -1.1684687769729711
-2.1988017781395466 1.896904302959202
1.2118857085670545 -1.0122548095084052
-2.640751794334183 0.006984404377678529
-2.393353591502931 1.8972086038038098
0.6448780396448437 -0.8075171861329865
-3.23539470086042 0.592256666419631
0.8446958624813021 -0.7416271830743154
-3.7283933871420674 1.613137342187944
-2.3162475442241277 -0.1906407079110001
-3.0898822765959753 1.1727330602053914
-3.3965426249173305 4.301050799466417
-3.303439318274777 2.7657561961463304
-3.881825016718547 2.4491486539468506
1.5285154115005424 -1.6851917241760528
-1.7704657965453523 1.858059867958452
-1.8632396634381139 -0.9101601878751976
-3.0994917676167457 0.7408080197239563
-2.132536458015796 1.7464546095005389
-1.8013989948035656 1.7033528172128385
1.6504986408556233 -1.4388193726854772
-2.8074853085082676 2.5352894797669094
-2.322379632919159 2.6002329229290315
-0.9748718948847727 0.5797588089716311
-2.4354042605123274 -0.22552741324075723
-2.0869367180578786 -0.7135412638701077
-3.8607056649995193 2.1286672649694425
-3.563793780517722 3.7515440943535827
-3.4132024363170683 0.9798943910004063
-4.40353298783713 2.77250854414762
0.6523350116819993 0.08894207692379807
-3.7034160616621636 2.020942031718944
-2.68820278702582 2.6835068854855275
1.1984388768365841 -1.0877462764822408
-0.21716782635109688 0.5779312822209856
-2.316194917191453 0.012659621736954308
-3.301112348435754 3.2090434848044866
-3.3625365571391206 1.0798681867613555
-2.5754762396329287 2.3428289043925488
-2.2891302280664325 -0.4246965153034428
-2.5224225689423307 -0.581887548190583
1.1089226243132577 -0.5452934545284004
-3.22512099933469 0.6146480220128311
-1.9145746705525537 -0.8247424399930189
-3.260562994243179 0.8138069260000933
-3.2182409867305397 3.614077296127569
-3.3621626126320603 2.1485392425493517
-2.5315259320435164 2.1811539398648114
-3.5906801077828328 4.464774671490096
-2.2153648715889083 2.2794673320044483
-2.7665266674304365 2.7995380209868053
-4.6925485923294294 4.544871887243756
-2.6608592413364125 2.6514981142430334
0.2627282710072347 0.24968384962923895
-3.0422292210543906 3.1346429393122373
-1.6655024921497985 1.6674270783729854
1.8096314654156058 -1.7032608925483412
0.30787115231971796 0.2934011394732926
-2.990340998225652 3.239536921519938
-3.9998418569556407 1.4696805798302497
0.20442111885302738 0.39406236112274906
-0.11978509264613922 1.1900020275583403
-2.4221839380635966 2.1017769755613402
-2.6335992391707554 -0.03681739422507663
-3.03308049764006 3.028137540927392
-3.848125236188205 1.463257277685571
-2.395893963686457 2.4524458774805136
0.6373229929740397 -0.473849952637657
-2.4301188556915956 1.8282801537018964
0.8574981350701796 -1.0045232071741872
-3.4193074099926735 3.8577535055071617
-3.431979435292842 1.688493087791444
-3.67847616524445 1.7725292988243335
-4.164605412456556 4.297535473785521
-3.5683824096651713 1.4891224510014969
-1.3950935198408756 1.5894050042637482
1.236442724684408 -1.3215085457800377
-1.7079719754473572 -0.7893699356073761
1.2368290255727095 -1.0295877511563714
-2.018931979252522 -0.6067135764393948
2.1184796682994445 -1.9458086199482338
-2.8508055410724342 2.8807167953138695
-4.036297112603708 4.4321629456627
-3.9982242528908905 2.3077658275676494
-2.6965537222459792 0.10841548361891166
-5.060275703907089 3.492686977733916
-3.528674610194899 1.4998269078438418
1.534088051750625 -1.9806317273656582
-3.1239860523208653 3.400999912445232
-1.96412253254974 2.126407448532305
-1.5447885083904644 0.6959327161816345
-3.153590228499046 1.1699625645413974
-3.5535178277232298 3.471260887677259
-3.518669249304787 3.265141383998153
1.0976620247910231 -1.3906799815839483
-2.220565052091089 2.475156064017137
-3.121760437016723 1.098602735475779
-2.8640896407635847 0.4940925031665455
-0.2677489514597834 1.000473406830089
-3.501636992855116 1.8602194150891178
2.038189891428916 -2.4346593552598397
0.6992960107873436 -0.19599891890616322
-3.9253829801668005 4.33852747644489
-2.806748039001317 3.0232286326431717
0.6884174369370832 -0.9694053069365308
-3.5864954102628426 3.77794287926924
1.2267640969661489 -0.536500491839281
-3.4843237731979553 0.8397653301532039
-3.301728565689728 1.0290382226348913
1.366631263328488 -1.8425237641059462
-2.3910688371606303 0.44110061865388306
0.291577818126342 0.01495648497313845
-2.9307251140387294 3.0261731221710564
-2.0988597175221124 2.1273136471588483
-2.7929257787539217 1.1983017961100688
-2.9313330954656824 3.0258104562803587
-5.700802347478339 4.4720040867255175
-4.018116756817085 3.511883841954242
1.1939491535794724 -1.3304294886086252
-2.5192833422527094 -0.36098475771036304
-3.81793192868686 1.91011886824522
1.1610931754810752 -1.0049623505619716
0.955207088102451 -1.0649535802981662
-3.01343648131983 2.8413393554098225
1.4121099331008005 -1.075917949718693
1.4341724298471301 -2.183262785333866
-3.038782138679071 3.465779368657074
-4.556947721274767 2.681036405881047
-2.8025240425354068 0.08069654393747948
-3.4107550576518637 3.6027783726336007
1.2412094257257487 -1.2793589987337666
0.45384683582011515 0.4658713033463597
-2.301048800571271 0.23003215515897532
-3.8791673597357064 2.121501176333512
-3.093383933496244 3.1866968528462123
0.6567975037219688 -0.3512453412978762
-3.800209096222327 1.9476546871543619
-4.41532899248236 2.8680897942270134
-2.8976849217122935 0.8637292872225535
0.4739356497357155 0.12786610031587464
-3.208666852225199 1.2884519657197842
-2.4436949922432825 2.190389839113302
0.6036251641669426 -0.6456803571178649
-3.58375968698024 1.960552857867175
-2.7120447649606105 3.0735029940712835
2.440866831805363 -2.178711987269856
-1.7332521473505653 1.2564294544579826
-3.1349020594582027 2.878084108322537
-4.095392426815348 2.7010840760060466
1.0944750295859236 -1.1214168749958977
-2.4048846811168385 2.5590597266239743
-3.0208452067735383 0.9916639562043584
-3.217165032434813 4.002651452511738
-0.6693858068890771 0.7619251847256723
3.2187061068254024 -3.971612339697309
0.5900759567606246 -0.044565519659779555
-1.172453456032562 0.6990973676869427
-3.9456198833553398 1.2415677910656866
-4.048984282806662 1.9709410432261043
-2.581294363711796 2.4553482566501987
1.846042779539125 -2.2741687396068615
-1.941445839856739 -0.6103806079942582
-4.348184385448439 4.814721699870755
-3.7315120057503384 1.2494921533377368
-2.270802882561036 2.2946406323480466
-3.200832353138828 0.8018344722171409
-3.885900321918775 1.7259306220106931
0.6298569899911558 0.10210576202706217
-2.0582329479377077 -0.4648639408820247
-4.125047597531987 1.5898558372605986
-2.564544495241769 2.308150730644841
-2.7030970292093954 2.6211594846946715
-3.384720839695323 3.2559121246037295
0.6375834094771982 -0.576660966926913
1.5474274396409387 -1.0742592589852231
-3.400835112758267 1.0339127701569413
-3.1690519501499383 3.5960703998589727
0.6127861510932792 -0.238459136368657
1.0283646979676933 -1.2017439519865407
-2.8953105371559396 2.879781193597778
-3.6105732605127714 1.7245152629881493
-3.5263112420897578 0.7867587691613971
-3.8478045742804508 2.180952314480611
-2.986513857505855 0.9427051289396606
0.8719457426920105 -1.0142512746283707
-4.322245600393831 2.7061539909076116
-2.883674734551117 2.7428001030405267
1.1770114288890066 -0.8477169632349372
-3.6882910493162884 1.3601916193302444
-1.8852731998131358 1.8102120668000328
-4.996937206111803 3.2639060488075495
-2.601912278670839 -0.16392068258386766
-3.3726979276316844 1.2816036194310474
0.889060800591461 -0.7445276256822954
-2.977350537866433 2.6759591429344796
-3.0698948554623278 3.38433791679578
-2.336343280363699 2.1222307447938364
2.3007949535482726 -2.5442342868373253
-2.007678227822261 1.4540067274385877
-3.9084953198955796 1.8733351778801242
-3.3728322781554 0.9199994578220563
-3.339467010945708 3.4418633034728225
0.8770762331431179 -0.9654601679703901
-1.7847797738668312 1.2523337704691861
-2.1362454005021316 1.945450869199533
-3.9804668692152645 1.9966313449201656
-2.549990569368001 2.460245694633578
-2.271210738348342 2.149955902093091
-2.145540022506398 1.7550026395967753
-3.885725354254586 4.5254133007388875
-3.0818628495990117 3.413034225999102
-3.7663445706066794 1.8848130574744923
-1.9240615970267902 1.8081339694609204
-3.3264005920479955 3.6905169052683484
-2.618002286241935 0.2338280216945921
-2.970551621531535 2.955409638307739
0.8677195800261794 -0.34880819397129875
-2.7510293096059306 2.7951741550708022
-2.524753971192248 2.617838078812916
-4.701945681150482 3.1845258656572395
-3.372794689109236 0.9174410792108257
-2.024635073509432 2.0385945466339277
-2.463223535951905 2.29894132965292
-0.07825909251125747 0.17858405712112507
-2.066197268475047 1.8076523037993295
-2.147159096607267 -0.09869070612942828
-3.2778961566905314 0.39818197281100415
1.2014682474038845 -0.7736474725633244
-3.0897679093686947 3.345448264850755
0.8450143599697126 -0.4706329574306695
-2.4600564376162013 2.268415727383786
-3.858133343458051 1.68357620246788
-3.7532991308733217 1.2264426265323483
-3.5457255746421366 3.787320354231558
-2.0197231542569716 -0.3958588806677702
1.2159488625529102 -1.0489198327759897
2.7380499300984016 -3.0874519914349183
-2.3008527732048756 -0.0013767034164373084
0.5646908817414248 -0.05338557652578054
-3.1506288243552096 3.136628558708498
-4.356681503010612 2.236410738597153
-3.3178692687791096 0.8462330012073764
1.6347272494137606 -2.1534400087713315
-0.4125587356527452 0.9485180271756753
-2.806681523413119 0.4553334610683888
-2.354618912349603 2.3950079013840457
-3.0050697456909488 2.941437339547714
-3.561883075728863 1.5403414637457329
0.7054363829175886 -0.48561794668332187
1.7628761632751027 -1.7944639029130018
-3.7691268881862885 2.1021264073350516
0.4995184693989262 -0.22449897620829748
0.7308125957247477 -0.3966746766110918
-3.0082776422266755 3.213533266390707
0.6528870453141499 -0.23817080872519925
1.1881958861841138 -1.2313440867295797
1.3842826632864291 -1.088413251751909
0.8541270886250645 -0.3132285349457417
0.49064666567563214 -0.37655235563633366
-2.824794909270492 2.798474685921877
-1.7715793556898356 0.666226596879288
-4.116185279954718 1.7180825357356653
-0.4278870098605983 0.9572336229443644
0.6971948232774371 -0.5417683260278227
-2.0658052742437847 1.6673546056833612
1.3640447211515796 -1.2861804850300276
-3.009003100331179 2.801937106337792
-2.698595471664602 3.0271078426547633
-2.1272352501840808 2.142973208602746
-2.816218501435058 0.3146594293184539
-1.368545555919189 0.8292813079746447
-2.969386264186873 2.7177766738854117
-3.219862483671914 0.9248081950356141
-3.214703256262776 1.2955190471398697
-2.9524090098642546 0.6875970067970619
-2.175611132899442 -0.07803152548161812
1.5297760430511707 -1.7134666574839272
1.2702034062838812 -1.0024855676552389
0.5466562290510014 -0.6525695441907144
-0.5112911585366613 1.151156918065793
-2.758408289675229 3.3011497721335616
0.8593668883680324 -0.46706762736914487
-4.811055165674475 3.0377976003739544
-2.8014516751644747 0.3784708035542656
-2.870032931800865 0.8355631049049179
-3.7234581949358416 4.071504633098742
1.40908411489576 -1.723850487599063
0.16976840494844328 -0.0827513331232399
-2.2495650454245832 -0.31709637418330217
-2.4664053456543047 2.093320851811452
-1.9812159115235064 1.385341854386734
1.1548164246361656 -0.9314482906064265
1.3420516350152971 -1.2808412847193493
0.7800335567907718 -0.13321102844232896
-2.946566449879875 0.5533477017145061
0.8524555051763165 -0.2909135790694976
-2.0912445233061603 -0.9724952261005251
-2.553700338179898 2.2959281009717176
0.42770378807129833 0.41457435702462575
-2.017612703659019 -0.360237660880501
1.1104642715481925 -1.6056420564826293
1.2057081967362604 -1.028962221241781
-1.988359146084319 2.204330266069661
0.9274561747990326 -0.6610175581176679
0.3156834097621318 0.19844405876738713
-2.48000622725641 0.35996719112714975
-0.5919603040115609 1.1381940400290105
-2.1417472901744956 2.6943239110239516
-2.597338210702232 2.4154086043629026
-2.243860585463841 1.480575160201581
0.08139938365044797 0.2887704528008077
1.2096975890585537 -1.475018080862091
1.622158787068926 -1.7438707250319732
1.2388542255366268 -0.84843120116544
-2.5182815541547003 2.6744724222958403
1.0400376328358758 -1.1541993397974262
-3.673321525760557 2.0108382623896612
0.3742587776672751 0.2738573630292922
-5.039398846339928 3.1213798679909197
-3.1580301315087076 0.9079244433082123
-2.847405315513405 2.6322164527695295
1.0511242416873388 -0.4160295552808988
0.6054669199435664 -0.4161291900634133
-3.17138975454987 0.5977719473934644
-3.769733660681959 1.6885231814114454
1.1318217036043607 -0.8865023443892223
0.894410408210199 -0.8461961194699243
-2.8747481184071018 0.5502469378512249
-3.0426673893210334 1.0279419331745905
-2.889836963492507 0.4641264510303624
0.01530549378895851 0.2463917920139807
-4.06519799467477 1.830954462359061
-2.1490612352433542 2.0859503952695153
-2.6567266743068565 0.23196402277463485
-1.785301018767566 -0.2860416834772399
-2.3484950200364594 -0.11591383484583676
-3.5808196751439128 3.75200982738884
-3.649107063057764 1.7067410576438296
-2.737050601454748 0.24417468490545913
1.8267189940717772 -2.2246912310780105
-4.118544765392347 1.828034003919269
0.44214492999666033 -0.1587005207248496
-2.6555149321033777 2.060324574899702
-3.897286473143967 1.9710790496450048
-3.6343579886761983 3.5301509061793412
-2.6096717917852885 0.3839817152047519
1.8307411872647863 -1.6423042759067168
-2.1906672680044617 2.3553787821402308
1.022774579806604 -0.6141749296420119
-2.512172213085018 3.007359625681573
-2.2402940247140464 2.1659644809314385
-3.316923927885789 3.352788584235691
0.7447737329336584 -0.1500889584916124
-2.2742154830065595 3.011313344201044
-2.4705336725309244 0.3136339963359805
-2.5823248091090587 2.810457447521368
-2.6404021788556067 2.837613046823731
-4.323411792386702 2.354172021739848
3.1672398932490866 -3.544437249241179
-2.9024796398258306 3.183991102008095
-2.3843747582268713 2.4396530024591763
-3.5633892286731736 4.244318695556429
0.5617269648482057 -0.7511422770228438
0.8579849338816463 -0.8203600726230825
-0.4973813169767891 0.7822779690681144
-3.051276202042722 3.0278956415066434
-1.880730647214682 1.5476684953956237
1.5134924840683879 -1.5878599068840251
-0.4361349074046663 1.2576331371413831
-1.9838698639021783 1.442919372494808
-4.052103926478238 2.369251693449155
-1.5917332434318687 -1.3789411166492809
-2.8118890134030905 2.8124873317119623
1.3215953886024912 -1.767547584707339
-3.7009958781476517 3.8524612030605208
-2.125357151967015 1.791500088129806
-2.503465092269731 -0.15040437273130353
-2.5986252079955046 0.02112385017292169
-2.9633022853599758 0.9431693149593512
-2.399186335688887 2.0363174630951653
1.9782781820283633 -2.2208669706126534
-3.924005838230531 1.8410241900107016
-2.993798446164672 1.0912602592228158
1.410884123203578 -1.3855126294926354
-3.0855821422378344 2.7407091702201574
-3.000501610227442 0.9985737391988803
1.3009805736272033 -0.8361083668208749
1.4259659954101214 -1.8901676960515659
-2.445424271110979 0.06594435096664607
0.8248486327582649 -0.5945164116897979
1.1431683517204636 -1.5226875915878395
-3.885777081754788 4.388422548775721
-2.9418999987199257 3.342569745846236
-3.6673375336406298 1.9210582297355008
-2.7341030452263233 -0.1386846230147389
-3.1620161169361496 2.8841958803686194
1.3100681959495157 -1.0787400225869486
-3.3509473352105323 1.0044516271964534
-3.976948858545496 2.745575479472672
-3.330029354915752 3.7305557529663003
0.9103567765121141 -0.8569821805221819
-4.213430516487941 2.713512740096379
-2.6290755396139605 2.4273201930497885
-4.4719817364805445 2.3370503120354815
0.6242030713524216 -0.03050266195091227
1.3294575925052237 -0.8113490106633335
-3.017213858593165 2.96765703234329
-3.2603732113088237 3.03394867249746
-3.0073794187457072 3.339098945832583
-1.7735679645416476 1.4498621877083993
1.4634629031300364 -1.6030295954222138
-2.7133687159651743 0.1903662518942407
-2.973084762325471 1.0238261065228156
-2.531847759069899 0.4066719745165151
-3.0474182400138763 0.8129184125226198
-2.9565255003614124 1.1507440956845638
-3.618828071590442 3.7862789161461685
-2.7055991957136576 0.8079923614801219
-3.0646855955607433 0.9106757534254588
-2.844689432128397 0.8186035626311703
-3.914809079523593 2.0684285171722516
-2.478305348214676 2.211708840268008
-2.6601955933840844 1.0037733721861382
-4.827156247836489 3.2718289335677997
0.8775332788068365 -0.34236325243329163
-2.808645296550228 0.7385924984558329
0.03903956873665543 0.4161549818420501
1.0440272523516367 -1.1718421704277198
-2.3330769557870936 1.5963506000623007
0.9104653557682719 -0.6180322170782665
-3.6807889810840155 1.5730648017132947
1.8356914485233689 -1.2939208388183128
-3.141716902466661 2.9377189960564007
1.2500246321968551 -0.9566345916862474
1.431029444561497 -1.424883186597942
-2.652058785583827 0.6215149726276689
-1.6879231791564895 -1.5323094975273865
-0.14944452944675995 1.187553583091142
-2.9578792746895504 0.9820187736438425
-2.74407759609663 1.0981011905666476
-3.5693508469146 4.484965999767191
-2.9373145506468057 0.7806005652560661
-2.769270609067561 2.3060048699426776
1.3924322660716943 -1.480922173601809
-2.8007342055485607 2.9431348422904495
-2.5465585531136052 0.2365875957579795
-3.6656789862250467 1.4187301564676176
-2.8367719343504554 3.2007417457359515
0.6998267234009851 -0.39424884081734335
-2.2834740754160543 2.07859910946849
-2.203643964047278 -0.32176490228284155
1.019386041711767 -1.29049778536719
-2.966257272532296 0.5494103788800098
-2.7826802530330728 3.015884088170677
-4.835827842558325 3.211480471822606
-3.8519275132434827 4.441619944669275
0.31246018325913794 0.10427769767194121
-2.9125225248842876 0.4170850912860938
-2.0135697663433056 -0.4629309274426787
-2.9638156422651236 0.7715718414636634
-2.562968742778676 0.6840552693594594
-3.1101132316320217 3.351997544929022
-3.4985149416808556 3.3977644054589042
-3.111789387239684 0.9691465208632578
1.9275612455724247 -2.480388863803347
-3.33238477073733 1.6910527663467103
0.2918957007002169 0.332699835755226
-2.722784951210863 0.2937325066398599
0.7416822634347889 -0.6987859874984435
0.6950478180802452 -0.36652062034404986
-2.613123237249976 0.3616255620599344
-2.455336428021339 2.606914611106995
0.9878655547505014 -0.02385385019646316
-0.6556059115067724 0.37309798945823874
-2.333167458226348 -0.4165329390343922
0.5001516314924507 0.20493318051483914
-1.8968255591204053 -0.5394968735021043
0.7260935881120985 -0.7722030121450735
1.4853752484635645 -1.203529775036751
-2.557135944837875 0.10248990872891062
-4.2092233178050495 2.7115265895797633
-3.642622266931288 3.8985558627549293
-2.6242316023929098 0.2831073622729458
1.4870768671947299 -1.7007953052879763
-2.788213363758329 2.608745677418994
-2.5602290815746165 2.2664334899986893
-1.9580236968535978 -1.1416621096658348
0.6697681747350168 0.040251563301031315
1.6400707038008238 -1.9187482922928403
-1.796368138563852 1.3433358120466166
0.09720044340039928 0.8226023860192743
1.4238280024410213 -1.3352487873931724
1.333734725483349 -1.4657637871078188
-2.8294282384087013 2.388844540201138
-1.6139525731771949 1.3734179346076414
-2.2005341857930367 0.5453814298212185
-2.647400921745961 2.47933477757997
1.1668154079387072 -1.232802417442684
-2.903820181300505 0.515338370998424
0.5595759311771985 -0.5596239425378304
-3.9423195766219457 1.5509546390230247
-3.344659145668508 1.158755417143244
1.0530749089923104 -1.001398691476156
0.22323980844326985 -0.17497673827781532
1.335636778412343 -1.5317696635980584
1.123778605247945 -1.3775141870654732
0.6557581171750029 0.02164384330516208
-2.627341105296757 0.3607916985857744
0.25092020902708734 0.15055399368033467
-3.4040357140082964 1.5692482404452173
-3.6774782214334443 1.4723471305351838
0.382668439649195 0.07879018678346437
1.553567704257285 -1.8216538989714843
-2.367485224627339 2.2014438670334826
-2.6421578591438384 0.40488240871034914
-2.844052837708132 0.053386523415834164
-0.7094341477254819 -0.19274510794391062
-3.588238181725346 1.1029055225590751
0.9056137244793618 -0.33943515084058634
-2.8266557480844208 2.849857449215527
1.2087214317590371 -0.7424861413404638
0.32101852344966797 -0.3155365662326361
0.06861717687013935 0.8261939305989539
-2.5588012672480613 0.06696705679787653
-2.6784969473663325 0.0754992106691218
-2.7911821093397067 2.7625712756490675
-3.5261474630617884 1.5481644918259363
-3.532849360844454 1.4096997746706599
-2.0338805660299792 1.2652072308460593
-3.4462943971173505 1.8301064839470926
-0.45128152127300153 1.2977562165043872
-4.8357215592916045 5.34571592198296
-2.0724464357116017 2.3736714650127073
2.4665463071018383 -3.155682058610184
0.6389993970187178 0.030699352584986912
0.8277020423980851 -0.21498407937703276
-2.0376704154609384 1.5772166109719825
-3.0623991604725416 0.44613626113569704
1.3842335477344179 -1.6035485751668632
-3.1372452621777964 0.6333137147978166
1.3978802184782042 -1.0143950182878854
1.1536033702987472 -1.6770175068569468
-2.3458939098420597 2.528465807433183
1.259700440726442 -1.000368071384401
-0.627136869665547 1.3218453639364451
0.8246452947515325 -0.23877951257318483
-3.748666837694324 0.7703685127059899
-2.4035642721160313 -0.3545575645625506
-0.2542024782817519 1.1966717996494398
0.9757852857568248 -0.7809238123623218
-0.35972193362088933 0.7781419919979318
-2.8727642524180963 3.0761261778695315
0.6539230650067682 -0.29808150074706036
-2.7332553432010465 2.7782856655474175
2.048994840059046 -2.3248873367922864
-2.733129940366754 3.315644244971653
1.19886484293949 -0.7256580386185523
-2.079069497881669 -0.7492808901616685
-2.7899821893487666 0.7974899001881472
-3.822648148407642 4.429311320097728
-3.089998986054126 0.7913353908120253
-3.353503440941284 1.2465253561401735
-2.957468802320521 2.5022890496969135
-3.7993784707642666 3.9559764771511428
-2.712579751253408 2.940721543845413
-3.403532786108715 3.2497463687921972
-2.4551918491262694 0.3857700215202074
-2.5290568143660477 0.25726738909872654
-1.7998580216376687 1.092632798214372
0.9722574076069185 -0.48997466528730077
-0.6603388902938204 1.2418900555843921
-3.388372482849677 3.511744440800041
1.6602630142627015 -1.9249633737448502
1.1915295515317732 -1.3378211591016504
-3.666939285787996 1.412078162278038
-2.7885334374145225 2.659207599055062
0.3305049255584095 0.48736768681239545
1.5977520091953752 -1.1636237251072024
1.5092500663840671 -1.77551765056438
-3.7720725897558975 1.8118680353361811
0.6995113705244987 -0.4162332306704844
-2.472719177183043 0.5242021159968263
-0.5323093533127444 1.0190985805409585
0.6829471405704968 -0.4563938492032627
-2.0970728125795266 1.7116817145829297
0.21077734039888396 -0.2059972214175252
-4.507421127561548 2.570547908739062
-2.754594007492106 2.429950300615986
-3.1151267692866664 0.6757160826965902
-2.7558736746662422 0.5637126473137776
-3.0019376389497094 2.647981138504986
-3.331701895070893 1.4294572974029613
-2.916566464010987 2.9923457711331785
-4.338618658247843 2.94399222670609
1.0803198298651477 -0.3648603922461621
1.0974233552744594 -1.0364307529063383
-3.263798463246476 0.9731804441365116
1.3208670474005142 -1.1209961529528896
0.7134035378324446 -0.4336423205527427
0.4015575779251865 0.6257028278703806
-3.656258367959174 4.216243039482763
2.1686938887436233 -2.300315945791356
-2.2832769145770397 2.142664445417003
0.8172953342271466 -0.5056266439925737
-2.5218743462022317 0.04302952113850517
-2.846671059682216 3.091588552435404
0.8141140799782598 -0.07443184150394432
-2.1684241458912275 2.4403578544260456
-2.2945077576579274 1.9078444823899217
-3.2333587732395115 4.004882145606082
-3.5672126421487147 4.130336780145141
-3.0786928205503927 0.6497679539071506
-3.7369283950294436 1.7509869845918031
1.9285484849157168 -2.0470177863273133
0.4439667991728025 -0.4005838457417701
-3.69280743357087 1.2664937228534923
-3.1305911383901357 0.6865850079116324
-2.020015883677297 -0.8063541964811625
1.14101248382602 -0.5408512502690065
0.6765676660856966 -1.0990821745421775
-2.7414795930442657 2.3961969085243764
0.49789478130703646 -0.07812393728132765
1.091225961928539 -0.06467257586980214
-3.963555546485913 4.604680218499213
-3.3414119321347715 1.2831576688452677
-2.5548801792983 3.12661279652452
1.260207907996975 -0.6494173265708126
-2.408585596736995 1.8725355849763534
-3.3528380417237114 0.8073136783453129
-3.3708284986448036 3.3916634423211063
1.7154882125228645 -1.7718854694811648
-3.097270656840299 0.8133398119872915
0.012180631418888801 0.5354647276466092
-3.297968339733373 3.6194159258902636
0.9318420404233948 -1.0151888040724475
-1.423940495726333 -1.3930019242099436
1.5249843934223812 -1.4121938299162415
-0.314656634270905 1.1242881991752367
-2.7380129235016164 2.236632514773276
1.2322433609364223 -1.1837902487519465
-2.5962569778011777 0.15640606732206777
-2.509862185788292 -0.04161755473872308
-2.6261557031960234 0.3182619372384056
-0.9555876864347036 0.38827835511306136
-3.35880649613631 3.6493252942390435
-1.515787238373271 -1.3537752201248567
1.7072346050920606 -1.2318482673141506
1.4921195278228396 -1.4571659026733002
0.5412615626808583 0.08265243055769689
-3.496554356797549 1.5078615072648385
-3.4322543060962385 3.5813336532586715
-3.4767481906209774 1.5130781224690903
-2.805338434904808 -0.44422335329634566
-2.6368086129837884 0.8764228650854926
-3.072198896584388 3.0803966755256575
-3.119123579209402 1.1049763778402062
-2.2894285156247896 -0.05719773794182989
-4.3009750684055374 5.0624103203680395
-2.0631752924466977 2.3444327667461664
-2.5546003670857202 0.6339907031533505
-3.826035528888788 1.4050889763832464
-2.4568052797976376 0.14791683579349765
-2.9333659487385235 2.8556638785142727
1.338336556636373 -1.7266068879447651
0.7040092539876112 0.22745802488906725
-3.319500093473559 1.0634968541657293
-2.935943731563692 3.287103895163945
1.7020234614673335 -1.587479228503595
-2.810330654225968 0.07963456823387555
1.2166599393766548 -0.9153064769532412
-3.2819913814763852 3.082270312213527
-0.11843130686536311 0.5677565289956383
-2.1155540331464384 -0.6612698186659182
-2.237219346924519 0.29336268166271373
-3.180549883159831 0.9804117587135116
1.3168682192792955 -1.2769300748418428
-3.5732231194619897 2.018548593591649
-3.3582368880438316 0.835688582276328
-2.2657976774249393 2.455808140009922
0.4301151422932506 0.27338495176806943
1.64728307046834 -1.6438708284512624
-3.283967380356574 3.8420402115947647
-2.503415505699323 1.9545734865144626
-1.669386207167083 0.6367776650687796
-0.020436542547501595 0.32355054169664
-2.448642083658581 2.001454253541833
-3.951887303381339 1.6668087632395965
-2.423570455957673 -0.08750289409248985
1.2153406159316764 -0.8159970759562865
-2.562078262056323 2.6662894713611514
1.2122021493612936 -0.8017755652754017
-3.105514863239321 3.2342263794400803
1.200417046236737 -0.5848614345979398
-1.834816877173875 1.5286171222418263
-3.6513341452831325 3.5290977977946643
-2.0542780127253115 1.596741568286545
-2.7409422242928616 2.1475394500897456
1.0668173112386934 -1.2322908394061274
-3.895060935823688 4.382180310934153
-2.926395350877245 0.6395310049459224
-3.1354117604047493 0.6924168416225576
-2.432332999016679 2.162520898526184
0.6692401341857516 -0.4289382511033135
-3.571652919056235 1.1681503984787287
1.6287341164218967 -1.9234016232871165
-3.341120784024644 0.941573656820681
1.0570341369194154 -1.2239501734021803
-3.4692524575862485 1.230472091945758
1.3102614828058314 -1.3514708940744642
-3.258110265290824 1.4146371865890552
-2.707979451304886 2.625699917240118
-3.156561587187524 0.9283193881353639
1.292705952681297 -1.3563318627907328
-2.901666390284009 0.3752579616399779
-4.061500376723393 2.439900527542621
-0.329629083214873 1.1215535993376657
-2.7468867647641684 0.47608773147646233
-3.2446947123543968 1.696723766288396
-3.4760557493068025 1.5563479716826838
-3.0405502786767116 2.75548917873855
-3.617040246628861 3.3201590398674967
1.2209758532675223 -0.4436727863674775
1.1186407122988986 -0.7430856473636093
2.013967360984672 -1.7900960168410593
-3.0046222375279776 3.29864543424919
