0.8870454545510921 0.6607116868032036
-0.4016744598362332 0.9123187571488284
1.0850023808440492 -0.4347102283696649
0.3239822593923976 -0.3330576278203255
-0.9229451109485262 0.012379278921520187
-0.44543165343958974 0.8314308375398907
0.16285885075015644 -0.0956398162017606
-0.6835819993615774 0.6503293163827719
-0.4218264964991184 0.7528063398773353
0.5807216579859783 -0.3818407532140637
0.769586691526867 -0.40168556587454823
-0.4987896252894569 0.917807910405315
-0.9904390174709031 0.27280303132882106
0.7988997794233105 -0.4523257752909342
1.0153475516922914 0.04496544901120392
0.6745890292847242 -0.4364858838601203
-0.8467796381416566 0.3003937085985354
0.8875689616732891 -0.5224393721911587
-0.8714269957624975 0.53076854612486
1.0126272797550286 0.091464081902124
-0.827378646982851 0.4288146292966269
0.8317947074507991 -0.5052170507099337
1.0078353381404388 0.14079986582179252
0.6312664970166274 0.7911800041919325
1.6946390493517753 -0.23921807911079765
-0.5278182988673404 0.7784132059088915
-0.8592878338314262 0.7266204755322186
-0.43137366422829715 0.8832197473418014
0.9131820673237868 0.4835880498096018
1.7940550925665406 -0.12663884856502458
0.1968144035027769 0.05089814680749009
0.06706306583731347 0.2173451495155213
0.57350135727613 0.7991171929626659
1.4300001834182705 -0.4201703334574297
2.039710323788129 0.32836754125426015
0.4410788613641352 0.9513422399310196
0.05406635546547495 -0.11034911342450827
0.3523788122102802 0.9302943822595781
1.376815366623449 -0.3895541992109034
0.1807503961336578 0.9485496431279424
-0.7118922639345853 0.6317592018500134
-0.46402416105421473 0.9123275375683361
1.8336503289605321 -0.019517414073115642
1.852734714558648 0.0947026991982338
-0.9007999567785672 0.5188223099152055
0.9531899906381569 0.16292718378502682
-0.4552248164286742 0.8749335781695328
1.9971803010868638 0.3357268053985107
1.8053207439270142 -0.19786026904334103
0.020195643156170527 0.32806479685976186
0.9528582288299293 -0.06204565745513124
1.9671910445510872 0.1540496961487427
-0.7623705797540593 0.6074486768532168
-0.8470329570012385 0.58936866126618
1.3111142762769654 -0.4334808253090718
0.842662000881679 0.433647240776611
1.3771808878538034 -0.41822166707268604
0.18566883935944503 0.09190226590416954
1.5879574731236403 -0.34731314168419974
0.4656651997437197 -0.3351428858036066
1.342029182513399 -0.5241275203123195
1.3499188798458326 -0.4126497876406478
-1.0121851245613744 0.10559439845662127
2.0683132230220855 0.4612831975484232
1.0488175285902885 -0.03038144222534834
-0.013893520258741895 0.30510617762632475
-0.4379569721304102 0.8415146319741068
1.8723681993282193 0.16068376915702307
0.4506657220886425 -0.2907513591154087
1.7604093044801072 -0.07948289692632733
-0.9047048982797802 0.19173233064495485
0.05247745678576045 0.03995804878664696
1.842354669159225 -0.19897365748897822
-1.001286660221417 0.4699795131464428
1.9727978665387769 0.18813334586718544
0.05869100691124686 0.451389380497552
0.4727050099907289 -0.2845342102634604
1.9149687343895927 0.15552913854083383
-0.19202408696108253 1.0410370823579627
0.590362314124842 -0.4489137236079486
1.654325017855863 -0.19831815912056583
1.3990585667071875 -0.4617789814712491
0.8630709655853422 0.5138813933932774
-0.8540706929902252 0.7094329815527411
1.210254336412739 -0.5251150962188682
-0.001789001657110021 0.29680829899286304
0.8629216064799349 0.46540340226737364
1.059384661785575 0.2525566965476788
0.044802890581305016 0.4431297428460514
0.9772978161166461 0.2952822595962536
0.048539915320434224 0.031886143151727366
0.7596011937393924 0.6656054915137583
-0.7817910086651262 0.6019225726359346
1.8178671249899905 0.10612348813008492
0.07177846278475349 -0.004135818774650295
0.769577296946417 0.6476280783546864
-0.02540344044138783 0.23350667287781723
1.3156031640779986 -0.46575662938998424
0.10218433447162517 1.007267175247515
1.5735222566148714 -0.2788603307410821
1.42501620420439 -0.4750220050356074
1.9993556366415492 0.4617592443026175
1.0372451286478435 -0.4989562294376395
0.20447912511542007 1.0398047858685766
1.8296059372142455 0.055150232490217097
0.9129575748450047 -0.5127534219516658
0.9838886525869261 -0.48367526476832257
1.1933215923360831 -0.4463505226703341
-0.11155248855993848 1.1112515885499472
0.8316045864200866 0.5982924373756028
-0.679175556557153 0.7917403359253381
-0.9480608943492078 0.10857047918134725
0.8579998291946845 -0.48380466192310095
0.4004464971113054 0.8135634497255708
1.4561695896419236 -0.4433070718675587
0.027951454242636883 0.14424227612700233
0.5147510196539684 0.9200755477504725
-0.6813299004689758 0.7677629793661762
-0.3957758867641761 0.8614866687243579
0.19020252601082413 -0.03237814357513648
0.3686535596502851 -0.38900507061806344
-0.14640562225566195 0.2859958815545856
0.089306002683775 0.08250814286855776
0.9553196680609521 0.3585360123692254
1.9315029179703171 -0.032158269178618706
0.8880433388089204 0.4638187339792347
-1.0077971469548948 0.20462484968221378
-0.9802689736711702 0.3206177396709722
-0.28474663197396416 0.9957798406491918
0.07481071939443285 0.12542567727906506
1.6214094825940517 -0.26276230799203687
0.9152459887910028 0.5274526406052867
0.37481545664546834 -0.27541459955393544
-0.20722151742384726 0.9768396071844175
1.905607891830726 0.03063786620967727
1.9271477551449392 -0.04194211540583301
-0.00784880932301564 0.3732602331004137
0.7744571242436504 -0.4205197133565941
0.95502536154819 -0.5175095031451488
0.8413634329620459 0.7494686855253845
0.02663229505582821 0.136142048816118
-0.05043895060712995 1.0729452844109875
-0.9808578613876505 0.004068267712518647
1.7120193920525628 -0.18671739304029217
-0.8792346942089513 0.4578092615274685
0.9121167067322395 0.4148811758602788
1.9747641194074135 0.25142210374055196
-0.853544055865316 0.47833191955187315
1.3911124013523775 -0.43831774090821635
-0.6062029690243965 0.9578604281994489
0.600345697079579 -0.3146559142689177
0.24911415296633618 0.9203741236812856
0.7276671217570871 -0.49182900711917676
-0.07472937270730635 0.30087389528653563
0.1660007131845334 0.987551487358604
-0.4994988993478579 0.8359389068887858
1.9866295824859002 0.22894848860484954
0.9148126142108208 0.013635115259133728
1.6225106041883819 -0.2575961714263494
0.591918065532781 0.7440295201685528
0.510329676768479 -0.38886845711129864
-0.9625516317262475 0.427587350184786
-0.21877615073996526 1.0106472990197786
1.6038794021099896 -0.3284021943428048
0.39882363496689166 0.9199463116434063
-0.9410257617311698 0.41325125202118196
0.9314124144330143 0.15703401204548936
-0.849998584615607 0.6380494401906294
0.0695366684740935 0.9927919269199719
1.2053008496695337 -0.4727838144043192
0.2629237286323066 -0.23122044750290185
0.6721827828160954 -0.3735675028202322
0.8453302270424411 0.5936134450635004
0.7012479279409289 0.8623089052786064
2.1163276752252433 0.5113643412165186
-0.8727125699154443 0.48354824309395883
-0.298551670693015 1.0099729129056372
0.6772080909041834 -0.5530254992966716
1.304191025754968 -0.38863643717180435
0.027617498823040168 0.34696589166499187
0.5614183991549674 -0.4218192783100617
0.6769736365642308 -0.4019356056688642
-0.5389200451677225 0.8301873518215986
-0.04345762305465419 0.3935888482221465
1.9453859325351206 0.43446309910686903
1.9090314721036477 0.06644742898502677
0.5458379744957523 -0.3435424794965595
1.619324366196696 -0.36642067908953024
-0.017017747888454754 0.3661028034815687
2.001814269059936 0.41409452532578295
-0.10208457057765452 1.0302879921699426
1.3926859232589606 -0.4885541553452898
-0.35399197667886917 0.8672319225928353
0.41760912160691 0.9109388183017724
-0.13200721769472518 0.9977860922044967
0.3876333100542985 -0.3195067830649429
0.4614459539698921 -0.2925574865246348
0.45261225684848344 -0.28693666718601896
-0.669317373376865 0.7290081654926666
0.3699581920954942 0.9263893155354663
0.794747109030249 0.669391074328188
-0.08442065680094578 0.3193785291492419
-0.4659272658685504 0.9056688048820095
0.6111687999917539 -0.48094543526139244
-0.9142956860933975 0.40761387252592435
0.09449800229349081 0.015377961574511559
0.8652867150275979 -0.46327443655021505
1.8099500974587197 -0.05612111296819802
1.9946940187077313 0.3610616911068326
-0.33270382321145786 0.9653155317472497
0.07286014294504183 1.091697195564571
0.6746019763637835 0.829127570111362
0.4162348407358286 -0.38418766097760293
1.977466387242237 0.2923031962454779
-0.8323578924616695 0.5073060654894739
-0.9115987464453152 0.19344385468243705
1.7990697963874005 0.04865272657280706
-0.9095131539453637 0.11643116131937095
0.029275220249033104 0.10545580513041747
1.7264277372736474 -0.009714681506613032
0.13037518604074283 1.0286984654259763
0.9795024962693561 0.4264458831670606
-0.39821537111032046 0.8576365480884871
-0.8401740265920654 0.5307542738199467
1.7205015211778745 -0.08309271335443572
1.8475643473364145 -0.06160253747072385
-0.3253519301659804 0.8344058963930259
-0.478168422277909 0.9021380244726885
-0.892449479433832 0.3036352866215338
-0.10736173468312663 0.9568971575709875
1.8467677562071116 -0.02693181253040142
1.3992127706585042 -0.45228265046375793
0.9299716893847876 0.1821589746203963
1.0611551427720833 -0.5366337064299594
-0.0996880775103084 1.0055245138222388
0.9112584420461503 -0.6318508393722292
0.4068536020442402 0.8389995045760422
1.6503286502445282 -0.22693101898828277
0.20553414136599207 0.031669904749487235
0.640000498115788 0.7758593099994735
-0.9497228264786187 0.44687276247119034
0.4534151088802942 0.9251822215193883
2.011193474406211 0.39434286196257007
1.7161120796050513 -0.22309936346473458
0.8665802613098202 -0.4400078087635467
0.3107710304151599 0.9317934157901218
0.15852573778639567 0.9878322692881327
1.9007404546403757 0.2741300066708737
0.1688819406900021 1.0337064034941734
-1.0090064827628509 0.012413125540555708
0.9971357889250339 0.17043356325207057
0.1714041599192039 -0.09562014490543375
1.2226670336731273 -0.5053290753845361
2.016570109315412 0.40882332686380046
-1.0286881956550595 0.01846606364215287
0.19478621772559115 1.019408275670952
-0.04587925140126388 0.9725616483997402
0.7644234997084671 -0.5268822913435147
2.029704791226067 0.5222635589861767
0.16018459118738365 -0.08692445041969779
2.039432902922061 0.09823252556395713
1.9040702644891383 0.5019828445518165
0.8473813625060727 0.6149668094271239
-0.6070649644844737 0.8504270265372056
0.8521756483190305 0.32957568143860183
-0.17283864906575086 0.991792111483101
0.030243506883627636 0.25541913027766705
-0.09320906946439092 1.0126732944263754
-1.025376329850125 0.029417465775198038
0.6030162003926175 0.7726690164137581
0.7506762853961044 -0.4645732876310977
0.49388289732082935 0.8910832146083054
1.0415183144752018 0.28039274468997966
0.08911613927285245 0.2532839144450327
1.9710937907933948 0.17034939603589833
0.9925318733060796 0.18963799517344604
-0.7209621902077034 0.6154286817919311
-0.7056814813752473 0.6712772468125306
-0.13881829431048237 1.0282286883646516
0.9683158917877954 0.20012962997962114
-0.36202470894368205 0.9737777648669113
1.7412077291567214 -0.1714688233596824
0.14476412414855283 0.9747667756271622
1.0190549831124942 0.18457418427579547
0.3978972728132877 -0.2688638451457665
0.22086281648659312 -0.15088385722187475
0.7870468420291515 0.5414455910714144
0.06987493388256809 0.19337454133377024
1.467194198100532 -0.4015355159233442
0.3420446805150936 0.8949431810256497
0.6782203712967894 0.7832228266327165
1.6231883664755473 -0.3168714937311473
0.34310716137558633 -0.19500636008759414
0.6058809043771541 0.6296001753647316
0.7126181895295813 -0.44542794088336213
1.8995622264775012 0.4439069015164314
0.16553935617056634 0.9446029495017474
0.7763634332260224 0.5958524556146787
0.07940390148095301 0.09337460535870198
1.7146811169913752 -0.19140375310235777
0.7195077371341279 0.5402288341756224
1.6613056191886364 -0.33293257592128944
0.8865433901606256 0.4038894537284497
-0.2915460982656861 0.915111341580132
-0.9663566589430689 0.2531437867319455
-0.1953636825619676 0.9062743479839894
0.04246743242709412 0.3775533330883847
1.8933964730062762 0.3906143643716699
0.7008188437420272 -0.41019943958141036
-0.4975761045022719 0.8399482255929858
0.024357246090680535 0.5868072830827586
-0.17541941516592127 0.8451040061769777
0.15828308961447823 -0.03279871550963467
0.5330224872431314 0.851573018101263
1.9496460686173174 0.19888098913227983
1.9777980991835002 0.358394685521483
1.7635700821147307 -0.19568122368079954
1.0896555505590446 -0.42452470498535894
0.5620405785757508 0.8668899750625523
0.047825464978679136 0.9937896801606952
2.035806450616881 0.26183997757600075
2.0193423842528033 0.4800244287444595
1.5554150990593618 -0.31704901331767804
0.5683808399496573 -0.33167318361730996
-0.8427160278819712 0.4960043284950153
-0.8149856559703661 0.4551863868191865
-0.049463058862121226 0.454214669892801
0.3170265233091683 -0.112303066162175
1.9862145431974423 0.19793479084013593
0.9874323977234044 -0.46435904775755726
0.5586346667452436 0.8366143534285463
0.8382761547856228 0.40295569152997435
0.08668496141774854 0.10428905988578344
0.7767602849276524 0.685437122671017
0.32466775678227966 0.796359625989895
1.8987510391445908 0.1047260197567742
-0.9574387387852309 0.07815578833315656
0.048306921174906266 0.27218329251564255
0.6060327558208454 0.7747452637140748
1.1861740863342851 -0.47068766157148234
0.5259097459731578 -0.3168722583697048
0.3524717845653404 -0.3043037966553236
0.05224021543392835 0.16172169392562252
-0.6866442866635084 0.7127577517281013
0.09127659551371864 0.11097558484531797
0.5869342798791412 -0.46422869081972995
-0.6232211111313483 0.8156728082121074
1.540633914260156 -0.38432593667988496
0.9833350830924603 0.05094987612526937
1.5324607493601943 -0.3822827312399057
0.30034616243981205 1.0046667188749323
0.5273284115926962 -0.37365728233825873
-0.9260908347847236 0.44571711537158815
0.24161869177928155 0.9446046921442737
0.88371502953767 0.5419610833506643
0.21296965410678262 -0.0790477490787409
1.9136528764028413 0.2731034639395938
0.6924552880514306 -0.38224634509226796
0.7471789322080284 0.7121559943634895
1.1461056539995662 -0.4753996420216083
0.9903989394223219 -0.43189946066502805
0.6007661153641675 -0.46534039330478294
2.026454271801054 0.1592053161700973
-0.46649803356693115 0.9014305102952564
-0.2333869518538293 0.9572025673205653
2.0599211118140572 0.24942001250240273
-0.05752804576546536 0.9066851724069549
-0.8729259447909877 0.21619697093105417
0.9479548019434549 0.2778125221923224
-0.23723353057096377 0.8939806222334702
1.708965173711288 -0.1572183173131257
0.27536682902382664 -0.1349695162653292
0.7217895062354485 -0.48327733709268567
0.4519582731465371 0.7754231796046811
-0.9503604038943159 -0.0004586293715323599
0.42935884805324964 -0.2115130241118659
-0.79617905864676 0.6021975077259685
0.11733834370595571 -0.048620796467338065
0.9375502425829548 0.24273694798019724
1.867266536046747 0.04019724057610711
-0.05156697469570977 0.9557215208981901
0.48686700590924176 -0.46306934540345185
1.106150834661348 -0.5003663814632159
1.762830224838585 -0.21654611155440895
-0.1898853411692144 1.0265800798500846
0.8687127928931716 0.5325795573710496
0.751836906017186 0.7534185441453374
0.004694574371651203 1.0109744069106452
0.02106068652335432 0.9493094418047089
0.9391024399462268 0.21518198756270396
-0.009670211332659629 0.45053804021401955
0.867378417114349 -0.5467564413183328
1.7296476692610792 -0.13669790797352352
-0.9186133735023884 0.03234394426482404
-0.9887015111104772 -0.01406306363337205
1.845168805269827 -0.04687340208051987
1.3050291820549493 -0.3629835798502707
-0.026158956213645675 0.9426262459245173
0.792952917667976 0.599532381159347
1.4932424554727515 -0.2399583812701112
0.7463874846437758 -0.5727914369293723
1.1851875431166399 -0.5355480663455854
0.9478947243695961 0.402038082853848
-0.9430048424891655 0.35421108283176905
2.0382377405233547 0.5064204620625751
1.964805132941738 0.4328683621604101
0.13085652448747923 0.06857328493665388
0.6499534390085004 -0.3465862749189854
0.024028968933383008 0.4184713164904915
1.9516734354253673 0.3470802220460134
-0.9419237945316374 0.44711688339434386
0.941995121381464 -0.5419126883077703
1.7020550457422992 -0.176900689428161
1.0327334857339066 0.09957527184250034
0.6003726985731367 -0.42807740589538656
-0.2619041731888237 1.0290254487422332
0.9456719954617033 0.023362481635661958
1.0322368520232352 -0.556926977009087
0.7997714655483324 0.5340657211552841
0.11346269344774262 -0.056887950454552756
0.9239718622009612 0.46553249112591866
1.6760483296717648 -0.23374561179465525
2.011199359093322 0.3149533825472347
0.2694848085980548 -0.1821800628486319
0.6052297590366921 -0.3773544337207597
1.87458374790183 0.048299195338977106
1.2986972309688345 -0.4045631396055174
1.019197743999009 -0.5357960154735059
-0.965540134214616 0.39246731570844134
-0.8410039677706092 0.3916354023698071
0.0546211153330821 0.09385361830115588
-0.7040668607021875 0.7146945042616641
-0.7934927336784945 0.5603939722165998
1.4306250530389817 -0.395294175091591
0.6187149166083062 0.9028050930826417
-0.25299388401278605 0.8870331831374353
-0.9455261989174063 0.48467579097838154
-0.23000840617632376 0.8893530013248494
1.7989914391101958 -0.09086963250073135
1.1802358163914946 -0.4093315724873883
1.9622788724029216 0.3599624153866695
-0.8985683007373464 0.3926259140760711
0.825208889788007 0.29426593420342523
0.19196221435221036 -0.041938983428814844
0.07479652846527145 0.3202400230161655
0.9980611175070131 -0.5343501878748693
-0.9330488178071898 0.14684553816029666
2.015938747585528 0.40729223216692695
1.5951596962496866 -0.49680452959120397
1.31961297919042 -0.5331496653736584
1.3827589395170459 -0.3153901239825771
1.8242106392816368 -0.053611745438466196
1.0601546792649696 0.13747616763413278
0.11259142815469296 0.17501841658028355
-0.8116220836800379 0.3626274009994627
-0.03225300465693447 0.9864376891021174
0.13806199020906712 0.19115306617077976
0.4195961842349422 -0.2801982291951566
-0.48721740946836245 0.8088415058281448
1.0568065071978552 -0.47315637247163633
2.002511389065922 0.34422315719192503
0.9503380585032694 0.30899912108952954
0.13633514768692323 0.22156974711416327
-0.7071926943608896 0.6501985721003987
1.9179276682882718 0.296507946164283
0.2668118387746013 0.9536835636063864
1.8293602727217655 -0.10516341161393844
1.3874237132591585 -0.4079887089910044
0.5846565303006798 -0.4272836034849722
0.6675009152449725 -0.43568076606548367
1.463375792561764 -0.3674070600759356
0.9592252317905146 0.1651346120367192
0.6630962679635335 0.7897641383663891
0.07868156498466372 0.46668728032851453
0.6741206959993913 0.792496810906542
-0.3489395797070922 0.9546236245180957
0.9185360316714398 0.3857635644479744
0.07588409702145657 0.20256520430540806
0.08537514694745704 0.35067252039890984
2.0563263489938435 0.4024166090451477
1.1125637927729388 -0.5723191874812568
-0.8395243341506177 0.7824557209875034
-1.0258335153373588 0.02614487979005782
0.33433610858901264 -0.23917887784305114
-0.9567427608788451 0.34212692757527924
-0.33874398073845996 1.024424666372617
0.7421868245998718 -0.327316895629926
0.5021405890781594 0.7427930289429086
0.7925844095637354 0.6339234185411076
-0.7829794753484147 0.6619175426514414
-0.8117979722987334 0.48716110518895633
-0.13866871897224683 0.5210705265637509
0.018861318549869905 0.2044336132173369
0.8911296228660583 0.26649912216650007
0.4913026235174466 -0.36129047511899676
1.9235400782490084 0.16427197075713953
1.127283385777827 -0.4557707694188118
0.25292152543633983 -0.15616699770432924
0.5329664189407929 -0.40043664314535865
0.8960467491295772 0.1266501491795682
1.89754275216177 0.24452947846061074
0.8399882437665434 -0.46424691525014417
0.14692440831725523 0.94980758242295
0.33421645233852576 -0.19171217333722304
0.9070981003833096 -0.5240456180988481
-1.001812765719134 0.11379760688027721
0.3474736643394256 -0.306104272975053
0.11811947213958783 0.20416467074080996
1.9439781075076135 0.20163308896229082
-1.0375689580019685 0.22858536780667899
0.43006563445389756 0.8382134341385106
-1.0311686985121038 0.26697042067850074
1.5659994049160184 -0.37564963193367074
-0.056991916470379156 1.0181828774591095
2.010937550826254 0.21351108885451342
0.05941844919281128 0.37846489261541044
0.3155071161283038 -0.299369128117437
2.0663509894879457 0.23054557655273264
-0.9304160384164667 0.30060802825763705
0.5720122700587428 0.7527902328276859
-1.011592418776596 0.1788543131260212
0.29433211877342064 0.947332698413175
0.0635337141321145 0.02984000417304694
-0.6218699281120811 0.8471732572888989
-0.461308048486219 0.8379702073059425
1.4905287251902892 -0.3387819041643101
-0.8997147515309474 -0.019490357145374906
1.881958665134918 0.15633688849014885
0.33999153084323475 1.0041272585068042
0.7125131983849676 -0.42776651221898293
1.943891275342288 0.1801283508380795
0.3367868528057321 0.8503602612152363
0.9603499397948522 0.22722639210287945
0.9024702380419384 0.3908879008119942
-0.3194175791332106 0.9260971747562564
-0.05132389338638673 1.036601022100597
-0.7084676511422303 0.7639935859406556
1.5770343623422416 -0.34564339907739355
0.48778740722431174 -0.37262865807515194
0.6101308754797523 0.7752929281459491
2.0256242574392127 0.08429564527909367
-0.870309123475455 0.5000750293606137
0.44499317314999315 -0.23870076722901334
0.3480518573368995 -0.2714247377583596
0.8768230926369975 0.6187043883492009
1.295079696360516 -0.48489693058869515
0.32442023774960244 0.933038646834953
0.36884135585114874 -0.32851379462730346
0.8224395808799928 0.5675959216245303
0.9911851817509723 0.11189083610620401
0.555066287600964 0.8836406547521036
-0.2740113071034987 0.931689993931727
1.0013863531121396 0.22359242834627474
-0.1831334795874791 0.9854892541476326
0.22314254541786066 -0.22405872339855168
-0.6492736535685212 0.8193991244461533
-0.9467780696077968 0.08745855474102533
0.04310619803587072 0.9509109167248947
0.9997732081331789 -0.4683277964370751
1.3863100520113054 -0.3580953588314059
0.3653786255661643 0.90534503999308
1.7433772711318427 -0.23444419063812244
0.9743146859819731 0.4749739658847327
0.970559819175922 0.04131216910356621
1.568115723864206 -0.3595597244761893
-0.6892792495025742 0.7122523428900772
-0.7415961866780848 0.6378499049490401
-0.41738371705783994 0.8641408059316931
0.3940780610303923 -0.32476525163508063
0.03018534206280786 0.9702729444580456
-0.04337436944501821 0.18969781102504177
0.31385886905520083 0.9572007114893126
0.7487896512830093 0.6043589009702939
0.23200146547505568 -0.07818705189304587
0.5013845436898163 -0.20236163298233878
0.817008082735006 0.5570202732405489
0.10185072203933021 0.06434703101110623
0.9852266972792576 0.33795564261072925
0.28003031291808533 1.042887077613122
0.8783193444982312 0.5616609375982121
-0.6475417484957198 0.84240675823172
1.233281681329395 -0.548180651554796
2.0178604394709767 0.43561864731979544
-0.9311916598742372 0.352908866615341
0.5717729459280643 0.7220696265486074
-0.6099861666010238 0.8562020434232342
0.8031656448941153 0.7580725561245129
0.9605995024665653 -0.4991136375927512
-0.21277957693883418 1.0083574934950195
1.9415378054379338 -0.015806352145916913
-0.7482777800266526 0.6610903085141162
0.3613917667368918 -0.2506971017709651
-1.07150948084986 0.3133215861258567
1.0407434060259528 -0.052725315015755836
0.07436313037770181 1.0235593627732853
1.0489984099295557 -0.4160785441554178
-0.01113752101683754 0.9576533624131751
-0.04757215008628443 0.5647240492240734
0.08054582002951542 1.0367629573213635
-0.330334098037233 0.9832275072402987
1.57426785136819 -0.19989204982035272
0.10154373165591749 1.0111548273070252
0.808086957258457 -0.433403709616342
0.8668307395718158 0.5201307076804261
0.5289929881000762 0.8473895802610057
-0.4302511763794557 0.8885019014721108
0.2314426349758878 0.02217971432589095
0.15022030471201858 1.1190536622168217
0.9311560940969194 0.19505756782834166
0.6173304868761526 0.7699444466477465
1.710851092699001 -0.11300551701361038
1.317297623757473 -0.535766779326911
0.7990027199475304 0.7221205489857034
-0.10892273968537435 0.4434968909920418
1.3574605976689387 -0.4408148108665648
-0.687051105014341 0.6448928616260257
1.3807969562207356 -0.40060764809825655
-0.8312959795649314 0.41568135476975726
1.0039102347450897 -0.5252439034985507
0.16923481167761634 -0.07882582493399962
-0.8031033419898319 0.49387065367817723
0.005158221846289113 0.3085844960113444
-0.5328952626636573 0.8758095179836939
0.8845276507902728 -0.46631148605351885
2.1069568182961183 0.34045337337259207
-0.5898740889009044 0.7811991093818564
1.8505999049458912 -0.034830031233015896
0.8985048709161052 0.5310476978352812
-0.33513371359383276 0.9684742233850769
1.9089302920160385 0.15546855109801305
1.5817599849300383 -0.4382115314317652
1.959968868352327 0.3164161956453319
0.24464914102021845 0.9795552371014383
-0.9475916394957163 0.43779268550302447
-0.05540679803685288 0.9287070792552785
0.6596281312194071 -0.4430275591273869
0.20191877910026126 0.0021532300601465396
0.08128511145655282 0.07284877465776429
0.7860601133416028 0.5915162309877935
-0.8674768859226233 0.45697572232149075
0.9339979688373127 0.40854901717802605
-1.0095126559664986 0.05935726528214805
1.3920181138641312 -0.45826832744866935
0.39850319847629956 -0.3968745852983597
0.11274969188888877 -0.07523595533083724
1.6455845625160463 -0.21580519947351584
0.7953355230269857 0.41295864910152164
0.9315902736909685 0.17710768933984333
-0.16328767381416145 1.0157572863692146
0.0714445534703543 0.10994738479883476
1.483728790209291 -0.39028134264983905
0.8182044873395489 -0.38474499190216094
0.5124547208955601 0.7427050589960055
1.690219028575583 -0.38048697056074365
0.4992996442361426 -0.3259738932799084
-0.9465044122287918 0.37577502897316695
-0.6541528997554562 0.7410304868381857
1.826941015902683 -0.07431872569521236
0.06279268793562084 1.1215097580608053
1.4745724531276814 -0.42641526517220824
1.8924679643954376 -0.08625760908129347
-0.9779766629315991 0.21977656957541347
-0.6636523523999617 0.7654367182447885
0.7475314307048503 0.6815526395059863
1.3868721026471456 -0.46341020238396713
0.445721308654479 0.9829468747430317
0.19493834480109243 -0.10037727265772234
0.9784597003319693 -0.5265363777939783
2.002739832102421 0.3947580337463297
0.9270421991323139 0.39313181308883094
-0.1400149771824059 0.974500534489592
1.5472405693229192 -0.22012588341074046
0.2821436568670097 -0.16423686505849017
-0.30309328021623294 0.949042564298355
1.4777729911904025 -0.4413287137105923
0.12813010176263234 -0.051741395868282886
0.4799368911952503 0.7884409799181442
0.41075399310247085 -0.24155874843646258
0.6111310884985768 0.6574304105082672
2.0436616625940305 0.5632025855117784
0.6763134323481903 -0.44923255384856986
0.04362780973618806 0.3670786621313659
1.0045017039099253 0.04148248267628045
0.2549766271256502 -0.2221243637241139
1.1684160224669924 -0.545771008657534
1.8462103516266735 0.11165081115024533
1.8713985363337595 0.08366030246057925
1.0234840073100118 -0.00984094504514764
0.8162391723216706 0.6630614836878883
1.7399147178263992 -0.09929768744612487
0.4338650629331567 -0.23384538136274674
0.9951963172359755 -0.026691363659722717
-0.6077294227768365 0.8712345386552357
-0.7075851920005805 0.7531305699675604
0.83481558942605 0.5957338832228641
0.30689936945027146 -0.16251496059587048
0.5825931425457647 0.821824512659398
0.4452188920889305 -0.3391909356395068
0.7873849528810503 0.5343033594152948
-0.3459639011462211 0.8911954233765048
-0.07544243031825319 1.0210719222863078
0.5032738701475857 0.8206990230115938
-0.9875068139539381 0.003952396324676866
0.04596067771504585 0.5090053444487699
-0.9669803796265988 0.3667490672495399
-0.8280969223848043 0.5079241192035734
0.016144002744571895 0.14404718245501508
0.137934902437503 0.05019219415737325
1.5433867916501567 -0.30915234473375836
0.3947890197313974 -0.28648101229674505
0.37597124976010954 0.8558866550944295
-0.05823668146638236 0.323829564842734
0.07043229796405681 1.0525159024257473
-0.0016823128355328565 0.279520803172077
-0.4006618551658093 0.9210681038225801
1.9730929082601996 0.280894474820102
1.6177886746924595 -0.21648810804446086
0.7699706168266511 -0.4340043960921996
0.6259937148055618 -0.46876449379861207
0.7149124280044129 0.6865926724156448
1.701590887604689 -0.22497284315114918
1.7975273671924608 -0.09988416099093274
1.8497881998012375 0.0880228866959216
-0.6924640019619177 0.728724412041187
1.960036700538668 0.19820840808916224
-0.9352338150106804 0.18913789156594135
0.1825833120113151 -0.1007143850404028
0.05963267570130598 0.9724884686361457
0.9498356311931113 -0.4118080534808473
0.008491486311683841 0.18415583762692306
0.7186325870651699 0.6684142958854739
0.6527202396962258 0.7929561096150883
0.6463985194851356 -0.389666528932863
0.44169221384002894 -0.46509462211803776
0.9953774233610237 0.17251718429101354
0.1922731838640006 0.898205506567808
-1.0548026036555398 -0.0010203658668104486
0.7610799687262939 0.8508156304057242
1.984061491574117 0.401216396843027
0.29383523406791356 -0.17785963734484783
0.6696200208187547 0.6698084818051806
0.10766997615741435 0.10786955982458016
0.5352093986967182 0.8756622162102822
0.7536227858605494 0.6778266464634328
1.1379928436804665 -0.45464504601794065
0.5937741852388413 0.8162067089416702
0.36212193378231666 -0.22954562193330236
1.4806136612876453 -0.3086729714233259
-0.8690312837497159 0.4828305387475492
-0.07650096257257116 0.44199267072554754
-1.0348858919274317 0.17884293963862213
1.928934702863891 0.37101837177879177
-0.5180670443082747 0.9062731545058825
-1.0695541481172788 0.11203963920489826
-0.9583248757657158 0.27042421861076416
0.8624268649166259 0.6732059904957688
0.3632653459063131 0.9510007967811778
0.9486023671723062 0.26146891985297543
0.9025513845271421 0.6491758183979247
1.869882028481028 0.4630316699791616
-0.46802445516951363 0.7503315988646752
0.7998448147606751 0.6882906841756482
-0.0036283457224125792 0.8772136973317667
-0.4774200692038308 0.8175696557708246
1.8178647348633015 -0.15865327344725114
0.745882021623429 0.6091339932813671
0.96002956599615 -0.5419683021356897
1.7257108639477223 -0.11632499821711795
0.2356029113143865 0.9552137899655522
0.4821848849866622 -0.3500007912362787
1.1644516318782867 -0.43022753905390965
0.06815233885621849 0.012928224719777018
1.5789805657838394 -0.3479012256340945
1.8109017597425483 0.03497904065877403
-0.9300978305953742 0.3875879072046919
-0.23329337276197937 0.9792706469205583
1.5509465629441725 -0.2688409240074232
-0.8542400376023108 0.2563849618013242
-0.01049288926773459 1.026281324551019
-0.9598876955573927 0.21394387634874557
0.9486955268669073 0.25801577484271615
0.13871382560102435 0.9968725776309122
0.9274984246118033 0.35946130803375576
0.1942981140600371 0.9394339944693647
0.9755520128514779 0.35620657991744253
0.9492886752120833 0.262173824578001
-0.5866348061677883 0.8158055984088639
0.18480027733261678 -0.08272454343737402
0.13342565883377458 0.16702627881136528
0.4045820731451644 0.9516002102596492
0.6762504001399205 0.7700916712683707
2.0553554150165985 0.33280722531668133
0.9715030421514704 -0.5352759874638939
1.8819861794226393 0.5210990346485104
0.5639437054447974 0.8957112152368805
0.5427000511858119 -0.3222993709854279
1.0332023548805425 0.21678268853999977
0.8513880781132078 0.5483564075966316
-0.9221250683722995 0.4192990754858861
1.6887086975847665 -0.1389778750571114
-0.678651378109155 0.7472900804669225
0.3799764854843949 -0.2645587287224323
0.39254531090839484 -0.2509699683005255
0.04608062996158889 1.0781672201248103
0.6846481329045481 0.7247764811051649
-0.9684888034622214 0.03385901911283554
1.8629025333458442 0.1315313924732676
1.4459536122559882 -0.35027591274699177
0.44286325064111354 -0.30033652511378794
1.939853521271848 0.17214092277175883
0.16322303401258514 0.9616340884955021
-0.9678271484371364 0.03838836617119416
0.0300781957090138 0.4102642829865439
0.054990887830706485 0.16911371767269168
-0.33274037059784456 0.8555493732947871
0.8763197638568412 -0.5521056286879772
0.11166764337904062 -0.02686301135492882
0.4037922063813074 -0.373694062294317
0.8246479810691001 0.48182463627369576
0.012955999074158401 0.3175458140674068
0.2885428101962721 0.9656771921531537
-0.9346568184137861 0.5189719884316617
-0.01569075157951787 0.87666315059414
0.28892991513507615 -0.25084666412357726
0.4489012121501499 0.9282749816937083
0.382680733336019 0.9995244160844476
1.7077202232398887 -0.10339848441911761
-0.8878494242361735 0.5244132272676022
-0.9224239894206747 0.48940444694035173
2.0421980617078708 0.29152264100362724
1.7440570747922206 -0.15610523241279856
1.819214936264535 -0.11866479824926279
0.26482715766490134 -0.21199267332364916
-1.1391999579956011 0.07982285618515919
1.5586457962450981 -0.30986238760916196
0.9691557050481917 0.4108512132794202
1.4045778646884877 -0.39985343475792573
1.663426922809734 -0.2614829001257995
0.4384182430799255 -0.2648417261689116
-0.8522240940166039 0.706994786300231
0.26743050327666307 -0.2000079579852231
1.539119696644966 -0.3690156294799942
1.1408934592216677 -0.5568455785780028
0.9103863067554105 0.4119974696704315
-0.5275841887051534 0.7977195399081328
-0.902454469156436 0.44237583457123214
0.5316957544670118 0.7795106134604675
0.4198882137773774 -0.33029098771602106
0.7056849502154046 0.6125703582750722
-0.3165963554094542 0.9893298649779692
0.24804753612964053 0.9969296336221779
0.031221361106128817 0.03746918100900044
-1.004010114447097 0.03322071592143658
0.9571191635235191 -0.4544746185013803
-0.9936951454670399 0.29735663906914034
0.6763074862077925 0.802087756508043
-0.8193749986820865 0.5618243526805906
1.6928632772616787 -0.31833585535205666
0.3263157657293057 0.9918812835536109
1.3370237917358947 -0.4800536431558232
0.537245439261633 -0.372777089902224
0.35501430729329536 -0.23926419133502683
0.9561289321549328 -0.000267528409910775
1.0850644652247128 -0.44744198701613636
1.9551229538809678 0.3269137477709606
0.8009734545863808 -0.5925476951524218
-0.9923858920592096 0.0927538083701966
0.024405102365315318 0.20193191561844784
0.8623406403552155 0.36826921746504165
-0.7399648453131432 0.6250868642153874
1.9920392285622606 0.38724917044375706
-0.09778974268842061 1.0796733022601328
1.6185547897263826 -0.26465009332110084
-0.3507146916530145 1.0435982475620131
0.8123585468164674 0.6386830605873778
0.22390031517462874 1.0118551512474947
-1.010971330825813 0.23917453048148543
1.5551083063480902 -0.3650211014700089
0.861879181577293 0.42380072644835254
0.45695951904331833 -0.3433988548239956
0.7269085334497903 0.6313372649339735
-0.6479292226977188 0.6801436540754435
-0.5629264098600043 0.7703754585205331
2.069880297166652 0.330357061847323
0.24107290972221443 -0.16379947140384604
0.9695290036347234 0.031024775411084584
-0.6886167873535346 0.7709078253562942
-0.8027002671248709 0.598999258380792
0.0718597373588201 0.3438888086056363
0.5153674153131583 -0.27717346239061347
-0.6528309313823472 0.7094786475145763
0.2699396188011427 -0.14595599808344384
0.9004605080755376 -0.46851325351135
-0.14975814051520048 1.0207270572008262
0.0021210852234230596 0.9580117044345678
2.029103739655193 0.2657897059532331
0.2015366942422128 -0.15707589660715687
0.5116812029459288 -0.3651462321397925
1.14052928722689 -0.5596924457987021
1.5619027695288288 -0.2867960435521526
0.8175312978904902 -0.44359154065223344
0.9418695749378121 0.24845058561865252
-0.10980895189012879 0.985539078470528
1.8124651784575154 -0.1356941280568259
1.9175817540313531 0.17112894631401532
0.04040044402023559 0.21863788920965624
0.4882972529268946 -0.3762653351632012
-0.7146560495961068 0.6452218422773456
1.7535437210379063 -0.04759137020752288
0.3169269152730593 -0.2557965113143264
1.4591129752167467 -0.3868503374613661
-0.67796154192643 0.6950640856488827
0.9967528344825458 0.4979948606606501
0.9740048138691338 0.2932418463219832
0.5201230685425231 -0.3491576335932871
0.6302192916643407 0.9466680910606908
1.6344631779669099 -0.44553306895451616
1.9697066104236478 0.2210441525792586
1.0709303029732995 -0.5067399172102645
-0.8314566175214494 0.6225275197395221
0.23948356085202818 -0.06541173725262675
-0.6176042088483019 0.7665297221625005
-0.6685098947192842 0.7957193512496583
1.6805803159629558 -0.32110887065881155
-0.9942829153667933 0.08571546050581504
0.37029807745061466 0.8984717743166377
-0.6734823638233777 0.7506201777915225
0.011840867597537566 0.22918690581518858
0.3433713817065915 0.9309969596668918
0.923219641900485 0.21434452810605856
0.9293227650381816 0.18607438939430304
-0.2976771827840985 0.9182240343652595
0.0953655860823564 0.09051397890798653
1.804248719282496 -0.17483557630319288
0.6822233236866739 -0.4760199145890993
-0.026172224716717138 0.2559374093705997
0.06849105807438402 0.16008403641955102
-0.8780489798599902 0.3110821419536951
-0.4653927157982856 0.8660881062516105
-0.03269784700981987 0.4661669582046184
0.27103747631567454 -0.2763233187679631
0.31348073781770697 0.9383457728002002
1.0276317946245812 0.17327925499493724
0.20335493513149125 -0.1554937802883536
1.1849325746225412 -0.45993803581549464
0.016892566499743213 0.41399417174199604
1.6679971787686751 -0.23674979652517802
0.5987882596828913 0.8610849038316142
-0.007500483402805014 0.005104674747960725
-0.31427628291284954 0.9895979058787185
1.7918532110919285 -0.23401053090359986
-0.11331094202616873 1.0081143921486844
0.23108489572397548 -0.168545598017952
0.6745631640958546 0.7990257909414422
0.552220600570567 0.8732840750078068
1.97614676595106 0.22802288699450773
0.4670548612097748 -0.47648402894542147
0.6466197032536621 -0.38690663063843145
0.8164877245735669 0.5530983832209305
1.1344142029257318 -0.46240006041096365
0.35474886910160935 0.9501395428934388
-0.8390037590596797 0.539178729843895
1.4468597541781454 -0.44232084915969033
-0.9519662398777912 0.42908521477963046
-0.7200094401006565 0.6217357041862285
0.39521370555310786 -0.4218454116870235
0.9744893425494998 0.35842669175279757
-0.7194945415329749 0.6283263571470044
-0.03467694283377279 0.9600748410627347
1.9675221395232871 0.08758646666851147
0.5896101854518256 -0.3866938607597664
0.1421401188429192 0.9934668429387409
0.6714581102391753 0.8509273252613425
-0.8209396412544392 0.5873043780535954
0.09724404471258698 0.03425540399641729
0.7933980592966141 0.6671749263348238
2.078119299582139 0.4572646629377114
0.8089182371975003 -0.5356607976459115
1.1568855294683307 -0.5406136343603635
-1.003339981639837 0.3351610965758141
0.24598448937280062 -0.04158380769782713
0.22278463535720372 0.9462393406674371
1.8890417802516726 0.14710798714735612
0.20270005384190495 0.883446227760546
0.0753872859061723 0.35327181627715243
0.16213089675388093 1.0120121478685515
-0.4792744563071867 0.7913628360110561
1.380937779717631 -0.4223384045570929
0.8499932054592911 0.5519518496569055
-0.7363316084111661 0.670063244288083
-0.8620062264076839 0.5251635557070199
1.2792486017300884 -0.47630638296797906
0.9445298343835268 -0.5214356912791035
1.850670458963437 -0.048808351706181086
0.6066781509537711 -0.49095957147676245
1.9653778057846572 0.552249333710865
0.6265895393942924 0.8903098471961747
0.3919781198952704 -0.307177419720324
-0.9412886576385432 0.26335180881858256
1.0158507575165057 0.3019646879703848
0.9938908800267042 0.2372904389092233
0.9797817151299854 -0.4267300284944185
0.02375089924221545 0.4530631774279539
0.8333611417268538 -0.4850618593005628
-0.02971393554993218 0.5440692152015828
1.4986166618906627 -0.36989952440521023
1.9029887568698691 -0.06803206240017563
-0.7906388989591582 0.4731901560952407
0.5687942559563438 -0.32359711504668487
0.009891904189993347 0.27723528912461526
1.0006126571720988 0.09866024185649691
-0.25718736501186895 1.0010114729241595
1.7902290135512793 -0.01783008925111655
1.1980015112959956 -0.504860974070614
1.8943351630476073 0.34015631822289877
-0.9132887078495304 0.48867692468089224
0.02029488269019938 0.5777040641228199
1.8826596121934562 -0.026188191998767818
-0.5309008135889401 0.8932688786108661
0.4850859955503284 -0.36016591185232205
1.692730506047121 -0.16981392708926016
1.611653789864553 -0.1769242772280264
-0.901931858873229 0.47129292006864487
0.4857395500433904 0.8095873358408182
1.9458938276767248 0.1465741457867581
0.5691793799271212 0.8190768765264312
2.0232872634151664 0.11504030293187224
-0.8731860377803226 0.4939654561036145
-0.0064357656035562705 0.9798929208349602
0.1787184580863855 1.0166834852095292
0.03773053711494176 0.24974324874100448
-0.8146347895682489 0.6914820506412597
0.13976598977880159 0.006435777570170772
-0.9855857243087819 0.16831075666097087
1.890979735624295 0.29632235675716356
0.470415132899789 -0.2903515779215814
0.26812230111953395 -0.1734868810657846
1.8459782153110313 0.10364937069660568
-0.6717228149638584 0.6674938022238686
1.7413895095844856 0.05636719162971786
0.964399210232946 0.06597633166927726
0.972162773118094 -0.5267816149865274
1.2495635470759563 -0.484871375461178
0.9476343819304897 0.09284540373119965
-0.2446319584787724 0.9997854457005846
1.1231826106140537 -0.4488207462731644
1.0413971090708676 0.15602125981959106
0.5226449978197499 0.8704031544294992
0.25243239191458905 0.9819561221518555
0.9248851984165922 0.3640375534093689
1.0317460180290117 0.12120186231601854
1.7228840082836605 -0.1958649532460314
1.8474402133859307 0.1183776459829862
0.5187140706762281 -0.522968884755204
0.4857474933161121 0.8489301642028895
-1.004320369045711 0.11227567965207819
-0.015571398695286974 0.45179981257749674
-1.0251140367399878 0.3911730760938709
-1.0284001740609774 0.19402807463827926
0.8717545534557436 0.48688888221553184
-0.997963992739054 0.04571802912337401
1.1454742423518922 -0.4945279260741088
0.4813469728819221 -0.2588874170053642
0.7393646486333901 0.7058129790181611
0.9393311578407078 0.3832928770959513
-0.07976690126920068 0.3012632569845315
0.7977189027542464 0.7659368322784749
0.3346851819404061 0.8758241348543625
0.42435437076995475 -0.36723459448032897
1.7479933466192485 -0.16966045401854463
-0.9446079265497224 0.23326246375303847
-0.6407218633176455 0.7604197577441071
1.009677581077998 -0.5326991547281235
0.9035457353268314 0.22067647857691214
0.6755492513223067 -0.4512903791519561
1.9448095165549242 0.11670966636344858
-0.4818636791161757 0.8757292777890435
1.8084806533817568 -0.1493228268722221
-0.17641207666583342 0.9687012670294001
1.3605787694551048 -0.4026787972455081
0.9503718571649977 -0.5516034888294754
1.9008890017817632 0.25684682539194015
0.6204515498675487 -0.3352804660693801
0.5545774186153489 0.6789157123138094
0.4119235545521391 0.9032999793605317
0.06401695316377318 0.37788153808416597
-0.3317299903818058 0.9569024444831892
1.4751038298467027 -0.4441288579850816
0.8631180905448408 0.5061110354167105
-0.9058062429547019 0.038732503302880666
-0.7291561803503552 0.7793321976055618
-0.7956669714906175 0.7225436899182746
0.5861245002016192 0.7769146738523413
0.18712018245719503 1.0013432517657725
0.9054601611697816 -0.5508697015728415
-0.5619031947036213 0.7946343591413443
0.4552532598735508 0.9690581368836623
1.9745552879056876 0.09783255500599715
-0.7086242369814693 0.7457543747493522
0.986579765421033 0.33886928783500947
0.08696515037171945 0.03130659359351717
1.4712709351562834 -0.34824693341268914
-0.04907652042368428 0.4243962911727019
1.2738843496720842 -0.46471424508674863
1.807797791625099 -0.047514939858905744
-1.0394426182068908 0.2322243758004742
-0.18277650049842398 0.9631507137876468
1.9783107209322088 0.2778190747506501
-0.9897946534726132 0.40243469036855334
1.9752044369947497 0.34462587699182107
1.06267630126622 -0.5719199370043331
1.0542324982504756 -0.5131984935665068
1.1441690727341334 -0.4852232211756951
0.1520620675954618 0.04573700544017985
-0.7284871909638548 0.7092573955731296
0.6740332488416578 0.6990586170052896
-0.005557185282766951 0.24542636864809791
1.3710803265829 -0.37753095547653814
0.8791996116472338 0.6203758566619639
-0.05417914629108164 1.0494395221620332
-0.0873246545375709 0.5117319011592905
0.7541966720545309 0.7381428919519502
-0.6246211656921048 0.8531455184295398
1.0195226962733368 0.16205416049069676
0.9156148468465191 0.4413465854639811
-0.0867015837865008 0.9712140593837091
-0.18061212002539057 0.919929848839833
-0.8274874938669575 0.6770351915284799
-0.8359334927825761 0.5702521669828587
1.2838530680826126 -0.4179361284282494
-0.30787968090273127 1.0004557769330702
-0.9315396338248837 0.2645161355215006
-0.6098150690168535 0.8586232238099355
0.779991697059329 0.5240257728346509
1.7445517603903407 -0.22426766366548856
1.9282763725347167 0.0610124320413976
0.4402781360844386 -0.26921355296552757
1.4928820182531395 -0.35019759795397587
-0.9050460020857322 0.46015689863953363
0.902133474368002 -0.5334498173778608
0.5157363058563762 0.7846767275343614
0.5213678517028549 -0.3958054589246266
-0.01878226776942664 0.2503434477527497
1.7456574873312842 -0.18036976175511074
-0.5557402719688236 0.8585718312061591
0.7835570856157619 0.5386531276897129
0.7583775206007577 0.6572109576527959
1.0711399334726992 -0.5778064965012988
0.14915864634585618 1.053204589798503
0.8956929590286371 0.002542386934742868
-0.4132146088638412 0.9142661436143134
-0.7633115735898555 0.7586241553870513
0.7414632180263272 0.6598073795526104
2.0293521330668436 0.3348555262841406
0.36405663119793336 -0.2887624231315453
0.07653590888544437 -0.03602892158858334
1.2606403046237409 -0.5181806076620968
-0.6574200489597493 0.7328845213437362
-0.06108886576530568 1.005740900465637
-0.9921802905576678 0.03283847425691315
0.1687712710155503 -0.05711671727968274
-0.030582687268563724 0.9905214741080556
0.11429448547305646 1.0117110597668468
-0.574070692074232 0.8790279849622127
-0.8680415430773631 0.45868579289254646
-0.5529971769487871 0.8173527725574965
0.23476681373353608 0.9569583053948134
-0.7020848908868897 0.6520366581548709
-0.9058483458310005 0.30737174704755527
0.7679340519007297 -0.39520139185139674
-0.8318567615896179 0.6117941396792448
0.14839309663957617 0.9420768790527629
0.3968689952469633 0.9051391719331033
1.5058491792752502 -0.369284942801378
0.03737201026183917 -0.05437677174693267
1.5500823482228592 -0.41931197222661476
0.2601893416191461 -0.26997415507582734
0.9012270823962507 -0.5531901942995614
1.0401481608509648 -0.5781482258163766
-0.527942130168258 0.8329488537397298
-0.9233146538262554 0.3150813761559126
-0.2935197591008467 0.9743862895063238
0.9994868671086343 -0.4860238424381088
1.3928502670853122 -0.33459352517467067
-1.0459262495358317 0.09639368560945842
0.7924692011848916 0.6311662436867747
0.8909397348160049 0.38635681616993883
0.37745321693646 0.9128141947446348
1.8872161218998063 0.10425733691120065
-0.4849679969864255 0.8677984288666116
1.06098960941201 0.1439403049866416
-0.39255541345378775 0.9307197794724605
1.859527643148994 -0.10501760687993299
0.3055901301719673 0.9870431603982275
0.8790866147290824 0.29401721480407556
-1.062749410213645 0.047446462246672316
1.0360879639607197 0.07043625675726811
0.10053563853694886 0.11270253530738461
-0.4864547205238296 0.7595173938714561
0.4840283678625536 0.9052916880820111
0.06262063937802331 1.001556997087011
0.889278643666088 -0.5519331510694951
-0.04414983129613853 0.1383882073142596
1.9541033085724047 0.17712424781276048
0.9604743622059146 0.1380097593408528
0.7148380252776625 -0.4684092131632146
0.09506383192408659 0.9720012647245972
0.4329575143736259 0.899442845255302
0.9190073514789073 0.4216575656897418
0.30672235970713574 -0.21228144872055887
1.223678474774383 -0.5065602355800705
-0.3222163742962142 1.008840911486146
0.9044743486030351 0.4117109981139413
1.9175163136247937 0.25780692470182276
0.8541700736466877 0.5272133339981304
-0.3982647455980454 0.9642462511254368
-0.8526435929736395 0.48042472936901165
0.19950519386247928 -0.11960453124547939
1.5645820700120199 -0.28364259802958947
-0.3557148367048198 1.0405182162679418
-0.30485307604904166 0.9319425612436777
2.0286182207424917 0.5604968677497733
-0.3075838875849992 0.9469239569370969
0.599151682970383 -0.31323799326146656
0.5336108593718558 -0.39169893033282194
0.4968767204103824 0.8036954595227694
0.08341722932494458 0.18801964165318547
0.07279500759530813 1.0395007156889553
0.7144608823045621 0.6752412380975972
0.14585395689864666 0.10171682587551406
0.813603006639165 -0.5381670470519101
1.3120546072274883 -0.42979530975356683
0.5049150687352767 0.7848445721150741
1.7772965434945065 -0.25363449957735773
1.030062575936888 0.19101911814607342
0.9153681270473325 -0.5099275699536187
-0.14550191263993165 1.0161254343748165
1.7471592812130856 -0.18223596608488762
-0.9413049102907133 0.3730076495846544
0.03504832036525236 0.29105886363151023
-0.27441880262796187 0.9708655933623157
0.4009642184429329 0.9002225474982791
1.9785437807944424 0.10283872068666342
-0.9658724408849535 0.2107400249805302
1.9512901906098992 0.1040344520802871
-0.824759150560986 0.6357951107838298
1.8481568925240337 -0.12286685237136952
0.22339068723128988 -0.11294650985279384
1.0675228025129475 -0.4578900089062722
-0.1190037080853888 0.8680223260143656
1.9320661962359216 -0.049372317505827976
0.9045519331001539 0.41799269129372607
-0.8874976747261146 0.4938161338905954
-0.7771932639211624 0.5837548894672082
1.8489432891223596 -0.034160862964602856
-0.957716225172 0.16178935431516944
1.9665540229908514 0.5260057759633925
1.1080011707389112 -0.49501194534247606
1.8810942040915608 -0.016181795449016517
0.764759394909132 -0.5530608108761448
0.7042594044920742 0.6667966136151197
0.7603198155404668 -0.4550492829762781
1.0411469934914606 0.14657957619555367
0.05943726571053556 0.24049407935013084
2.0007400533806323 0.28754331045584647
0.7476807827911844 0.6976694239152635
1.9329638840274064 0.26457434871042984
0.2551919856336988 0.9478341401762345
0.2099960544043834 0.9358944773535066
0.9277920851330868 0.26507521500218295
-0.8057720789693685 0.5558099811937459
-1.01199445067969 0.015712072004047156
-0.27334026365631425 0.9002601208313646
-0.41864991216375985 0.9120335888787119
0.19067882201589617 0.04387067800546081
0.4785544303810381 -0.38756057808032485
0.34014028026159 0.8676055661678195
-0.9792629238966596 0.2441935217705933
-0.32081672939718653 0.8933995733269237
-0.029598383450117532 0.36481778226237505
1.5625191099502453 -0.32165472657669975
-0.944283740992462 0.16242083964314935
1.6201282247070987 -0.24598836384055348
0.9749859653307593 0.22898435328770675
1.6463290401200381 -0.35680329417175183
0.21296794643920833 1.0028811339369146
-0.40642647988863 0.8943129509042052
1.3454965968306936 -0.48262633568965047
0.4428671167828497 -0.3149249733177461
1.5151422539357644 -0.34335352937677543
0.011764763801384762 0.4213993579777383
1.6671886781924727 -0.3187989887406064
0.11422523735464865 0.06385345574178686
0.9667668386854666 0.03358021090062532
0.027438009759175406 0.22886346852260878
0.006971014362766238 0.3924008686732207
1.620139011869454 -0.20175924939726625
-0.9091804038627654 0.15488170259005973
-0.8938192263172845 0.1989801499980684
0.8930820183242901 0.4406702410678404
-1.0010215204712287 -0.060743566752378485
1.025340527164326 0.20050358340468746
0.6142890348635829 -0.42847079780986963
0.22886832906376142 -0.20902379255975817
1.2593532368839833 -0.4496884264029534
1.226848612036804 -0.5119215618071897
0.43893142199929824 0.9510536493430949
-0.6678491653789141 0.8554306903909084
1.001019201231374 0.23999214198509725
0.26797188342744105 0.9471299322709856
-0.025798633855744595 0.43143814002200165
1.3952293284630581 -0.4833118762950954
0.6630473955334402 -0.3567680373908063
1.6877837162598948 -0.2950490625722569
0.6562572909438391 -0.47629277510507995
0.15308872926509454 0.9795330935114076
1.842325975849727 -0.07714097257814645
1.5735893613073035 -0.29435669154614064
1.734138990283583 -0.07563360190849205
0.6290637546049248 0.811531255358123
0.20827727268534474 0.9084875621146745
0.24198740527223267 0.9505143149751882
0.04524675260293866 0.3569125346672733
1.551640985302799 -0.32027231244338433
1.7100880463090697 -0.30151472163075643
-0.009586169302270964 0.1555146283454477
0.2619212001785878 0.9614400664312686
0.14080072708875244 0.17587981490074292
1.034120213442596 0.1311422871122486
-1.0116552090125714 0.07496193807101258
-0.2614909513007725 0.9480605655190405
0.8054104721069169 0.5793879423282602
1.0053649279650814 0.13807908077439998
0.972853855652906 0.39876494044079275
-0.39217815300510145 0.8432053326480198
0.6155391954540556 0.7755393311227122
0.10720930758954618 -0.008553203083205521
1.0188283541864434 -0.4017370484894106
0.7232471835062847 -0.3236221314949035
0.9547915157229416 -0.5491214746853235
1.0765117352642792 -0.49880082376022855
0.5035005362157731 -0.29331974194174903
-0.9712328906628059 0.01680446554501855
1.9822211434670283 0.3408548004070292
1.4902945092165125 -0.26979770365912203
0.13612843946508454 -0.1769868825657598
0.6382137337038553 0.7565232592046065
0.2969960107031252 -0.14663942098365387
0.9446438945125857 0.4013309577463183
1.0400257442361012 -0.5397317168452125
0.26146086564545373 0.9209485221679025
0.11785762372562131 0.19324983427130824
1.2747738555803276 -0.4415699400083067
1.9117485401916636 0.28561627432425324
0.0025028702022776364 0.20194358220935613
-0.8839228922842566 0.2797725825314298
0.7168648277578249 -0.4051188784076466
1.8366448862256153 0.04047911857828401
0.10376239278422877 0.06660057754697696
-0.2926591604246433 0.9570313986483611
-0.8473415174181053 0.4391172983487056
0.30388177353373647 -0.1821845712148873
1.8098771464353978 -0.17134723770770113
1.6023875799099596 -0.2971048879422162
-0.32681079325242196 1.0233719080997794
0.2724123693976036 -0.19939491444632676
0.6589504523107454 0.7143437380693136
1.9007481697923236 -0.02313092738748536
-0.6184799077702706 0.8999129704224902
0.763236578646988 0.6518017902040399
0.9569489036461392 0.35948201793890944
-0.5674395032955597 0.775595382185523
1.2010000786222639 -0.478530711754591
1.9114617437463723 0.06887736686007118
-0.023131095146904868 0.22810322277004516
1.8942966637442644 -0.05376302055673948
-1.0080358016463031 0.07717347992873808
-0.9207269476236732 0.4200250525113944
0.6753082774095802 0.7177935395134477
-0.7480183822924427 0.5162151071778984
1.4891634678820036 -0.34698479316325037
-0.2041253619648648 0.9591185962411118
0.4353446215652879 -0.27907249079602076
0.1588553944381599 1.001468375165849
0.853076397097638 -0.5449091157656517
-0.2891915029818282 0.9262062173438655
0.8068772545460992 0.5694700764122705
0.1108441402556476 0.9636186144658171
-0.7560528016030861 0.48494047206248986
-0.9305751099578703 0.16620481062814021
0.19485027487276912 -0.09840318849159757
1.2687433121310483 -0.47822410077349503
-0.19917551165141972 0.9716583514815191
1.0048639320502954 -0.005547879113617794
-0.0981144595051059 0.9665676261346313
0.7058660557058051 -0.4825922066016869
-1.045386825548612 0.3684921057660151
0.21698415816245678 0.9906104876063621
0.45254918041208736 -0.3526771586883111
0.6954103773454657 0.793476868355568
-0.21194799444004617 0.9340442703124665
1.9946139638316547 0.2251650288127464
0.8677237985514149 0.5011910275440601
-0.23658018199231695 1.0570105430175738
1.2057749341878747 -0.5277785584816757
0.015522181642543627 0.920017327045793
-0.1515031919535571 1.042130068060187
-0.020229273988004885 0.3477192108431752
0.24443605853034303 0.9582217790917676
1.109798871047629 -0.45431679562876925
0.5255180677900096 -0.42365323896121393
1.0100336984182305 -0.012312360710951108
0.5362495977209828 -0.3854650858250465
0.7843902167325179 0.379662652408111
1.5830192591784884 -0.3623294360338597
-0.9656519987958427 0.199369647387485
1.2153483365858804 -0.5222201222087874
0.2591471529675104 -0.3185481161604869
-0.6238036429566283 0.7181059441982831
-0.4347266612274595 0.9413787789095382
0.761067076048628 0.6446742069064015
-0.24828815691048958 0.900328266342162
0.5970133733286921 0.8133327891585947
-0.8358678960379513 0.5463421567485759
-0.26434738664935664 0.990011741010378
1.702928086298559 -0.3625320224528359
0.8471782653914229 0.45913642017043066
0.43008515509698203 0.9084056702893679
0.6512035978976355 -0.45929171654297696
0.7757110229426949 -0.519948164556554
2.0720973594443617 0.4475032084030759
1.6819353037424623 -0.2420621164918136
1.8724937990279147 -0.0525394426092015
-0.967574210999298 0.21163386783912566
0.502266647881526 -0.3908361810230547
-0.6911331646481181 0.7223706390411881
1.9660306181835638 0.13497466004475595
0.9951571966879165 0.024998500698071885
0.09895565876428432 -0.032604102018389966
1.0511262969337316 0.1839235797307546
-1.0683357285848059 0.0459456699782531
0.5783153323455827 -0.4781507087194051
1.5384457930069997 -0.38285578942516746
0.6042537416368017 0.7850748744062821
1.9809693467809326 0.5297121449382569
1.0424858225198048 0.05109174912849876
0.9435797115168966 0.10136359047483735
0.8225621298813874 0.5967113801763948
0.7035591984375464 0.7080096127720497
0.8167546262043796 -0.5498010367456662
-0.5078882134064697 0.9186860145426068
-0.6621715872766479 0.8376617504928077
0.7344578256523571 0.7182343320472293
-0.8917032109458889 0.30701802035725945
0.6733347740506263 0.7858544301025467
0.9045746221772735 -0.49796530503119846
0.35487749276350866 0.867289333187792
0.0029494478664277846 0.17778117183342798
0.5436038306821688 -0.22587294148962403
0.2586920103343393 -0.22678742501816054
1.0138723073969738 -0.5212595533613595
-0.8749841285784687 0.1973068481885723
0.23327595280433494 0.03306075725316644
1.0148915496605972 0.03302068727329247
0.638035217389337 0.8550028464898957
-0.5840080868471835 0.7692711361778967
-0.9585013002891863 0.14670048773503155
1.9707795750586061 0.20764577779788296
1.175310809296891 -0.6418442192378884
1.2071775811546872 -0.4435077958841448
0.8077637439593449 0.4923553171464075
-0.09567706962118673 1.0219806031125227
-1.004145267264557 0.16975392156715777
1.7308453132615296 0.0313971448151692
-0.18647005814174242 0.9600249585750199
0.8439008762554698 -0.44406244797510264
0.35149909900783666 -0.14581511939556446
0.890507695956248 -0.44838188964495845
-0.6203965576710685 0.7783170497190148
1.6320062253880763 -0.15419396981467817
0.7081874642218156 -0.4285536942061836
1.4887119669465476 -0.3674092105992076
1.3802486961200422 -0.412332608733114
0.1394302866779799 0.9169823554069134
-0.02705241172658786 0.43747218257595377
1.8560260037202332 -0.010440280367436522
0.28035718616113486 0.9972149134542833
-0.8805512124997837 0.31421424090245864
-0.18987593223787022 1.0511336473027746
1.0930763560217092 0.10109474246444464
0.8998273935554048 -0.5332138106616497
0.755887612755936 -0.4166164852307932
1.9204379218491106 0.06039595319646579
0.20873487890793999 0.869224268519996
0.8844786786488416 -0.45804434343230616
0.7842561633034683 0.625747317669357
0.5297403323777191 -0.3486264750961286
1.686892070372772 -0.2161906803394672
-0.9894618887734322 0.23873659534475425
0.07082119991024868 1.0409989631688237
0.03207806727722548 0.9894777498328238
0.04561689127806404 0.33941058230386584
0.6627327105483749 0.6344601955370126
-0.7014928692452123 0.7544311117457234
0.23941401158055897 -0.14453613055085313
0.33068527070745424 -0.2395027172428258
0.904232852233518 -0.5389916427922555
0.001481389897929459 0.4699706291451299
1.890598601274912 -0.008503516948931911
2.0414536078200114 0.3221021609624007
0.3437584202409758 0.7891362081292973
0.06132999970870311 0.5137878595460151
0.0017308217651560258 1.0162259139517968
0.26571510598768583 -0.12708313025216467
1.3171245368640474 -0.43680790637095374
-0.02982466156859534 1.0329948510278621
-1.0075618187083084 0.07337125819500906
1.5304657779819364 -0.3259077546894641
-0.8189922391172306 0.5916672153395653
0.07249407332831138 0.1822818685103209
-0.5065045111421415 0.857790394098658
0.23961421491478835 -0.17332953383983365
0.9775467948880033 0.2111239380738055
-0.7668699231584036 0.6234485487454968
0.9293562012827203 0.4864199693422468
0.8503953000641917 0.4970188022320568
1.5890064565525261 -0.3033792693099352
1.2378375360471547 -0.39259737408044576
0.865028799837036 -0.4731968927837063
0.47975027541192694 0.8321980240279349
-1.1104158257050691 0.12676134697111738
1.5143861534781882 -0.2998800087700454
1.7253633161491868 -0.18675106503949945
0.022827885528508556 0.2514254852082627
2.0358254393517154 0.34222806551355384
-0.9445007293134103 0.3606012667407991
1.9552873623264366 0.0641624778072413
0.7322302065840551 -0.5032497181503285
0.8273959537669685 0.701838680898403
-0.7118453598782942 0.7643563322003455
0.346248599885016 -0.2305285159760011
1.8459341067384305 -0.18942740056619115
0.7418930889588403 0.7440627039312591
-0.719101275242579 0.6686329673089886
0.569616237041987 -0.49846257404233163
-0.3111310726600917 1.0031538527619757
-0.39180402767826006 0.8604345245627325
-0.4889089723196639 0.8435361295263176
1.096135919617161 -0.506378003341736
0.8077425353315755 -0.42431625711317533
0.04997163852639896 0.09516570805543184
0.5274888481750517 0.8922721584494341
-0.8606613318280969 0.49395090334838865
0.5593257733439049 0.8260928725744658
-0.8641188940000013 0.31785834791815104
-0.049917253513011975 0.49877915351441077
1.0077841159907432 0.1825789068496689
0.1810204246913608 0.02927467728586919
-0.04480805979191868 0.2638187857725893
1.0201043693365686 0.14903181811325505
1.659355134460332 -0.22985938677719964
-0.9705840944610953 0.002999101553966585
1.9544888735931365 0.3400041742532565
1.996728712727864 0.4052366804615309
-0.9995953044605345 0.4023136629979087
-0.02146639298992966 0.38352015527714806
-0.025902933842157746 0.41906245823128174
0.05473945194970951 0.922182884196382
0.07420832549429693 0.16338777370584184
1.4090281169114633 -0.4440220157302919
1.5300564783605908 -0.32841144893142155
0.28018147027113816 0.9501688513947705
0.08684739806911268 0.06759674925854003
-0.5971578250484169 0.8349298446073172
0.670392836660183 0.7322271401834125
0.9444111710027026 0.3451660652564843
0.27809774958831596 1.0078182706667853
1.1242197313950568 -0.4724465271815015
-1.0076123393077572 0.1422172974234518
1.336794798901762 -0.4740672015645295
1.844116282705388 0.010843013370648738
1.7083024863042127 -0.24889124201901808
-0.05506426494276441 0.9656680534895897
1.0955113923703064 -0.017177083698360365
0.020568355436339766 1.0154839893076681
-0.0070317400102969455 0.10231489552959872
2.0984184210686596 0.4362588553296312
0.6439018284569707 -0.47532806464458316
-0.9191438607251086 0.3275977919402451
0.2744808953272997 -0.22114534303934813
-0.8598197190153836 0.5874003921550028
1.0595064175221567 0.1254234986412572
0.3809663703959143 0.9433260846405025
-0.6395604160716021 0.6688886839715139
0.29049913935850674 -0.1478331077820937
1.8560231213258873 0.08060052051729946
0.17527997443575735 -0.019913781895810792
0.3389969063431174 0.9293657665668791
1.1626056961713223 -0.5213046069679186
1.5572412793062753 -0.3991035344921995
-0.42741894017463583 0.9357193848993535
0.9710016938779973 -0.4405198207286873
0.22373991600321527 -0.32671641794335765
-0.03388299249019049 0.26199049645268546
0.6729297446314969 0.7075531165867829
-0.5591506947104101 0.881196509170098
0.5691567680838125 -0.42797170805502394
1.9810623781833456 0.37372487655918896
0.7793911105891578 -0.5542223042941703
0.9944095337900914 -0.48031856711979426
0.13182817394737045 0.9835217948897125
0.32482872260305834 -0.18911927745830698
1.6423005727230935 -0.2072259330962315
-0.7302773587249761 0.6266273850641645
1.2022327312758891 -0.4739735965405789
0.27225317614569383 0.967409091724311
-0.8115437474056998 0.5025518650125016
0.04282249118409003 0.9413207367228841
0.9582192970580348 -0.4590083183811019
1.793509097218861 -0.1330157241694558
1.8716320433583251 0.08782100576005433
0.3757146655692577 -0.28163078217210136
1.4011478614553556 -0.43715308694387633
0.768928927132935 0.7282716240780791
0.9668933900147423 -0.4550609347764649
0.2428461714629147 -0.0035914139061672366
0.4351701935042444 0.9417126010120255
0.39317693614310334 0.9221342650253522
0.35291001374699565 1.0655206509646862
0.9714589466167125 0.07286614454708613
0.890464614865862 0.4300828039386525
0.10504091216157045 0.9901840859092188
1.779855786731145 -0.12354968424842794
-0.38481091768954145 0.9068432174060752
1.91055568566475 0.09802442595148111
0.6455147166793459 0.7286072671680689
-0.7511524508818309 0.5843390669367512
0.7714202022146747 0.7411129842920918
-0.755291389383123 0.6477163211119994
0.22480290849043563 -0.025319511058594722
0.6188459205119007 -0.48549448881714785
1.85146290363955 -0.036732865945207804
1.778826031004308 -0.07383140994065193
1.7006633034030414 -0.26774906242108254
1.8572638213362984 0.09882133340265514
0.32000701200653614 0.9256908812947557
0.2730374123082787 -0.1765170334808967
0.029994090472948792 0.4056456303579046
0.9563037088680698 0.17957850306153947
0.005127313284449209 0.9833076352343268
-0.03981369339738103 0.26585650779215103
-1.0090782765923538 0.3274841973662019
0.4139187347535007 0.9367322508457694
-0.7710410388031016 0.619467182635616
-0.46420694095953546 0.8420556041283476
0.8289580766032046 0.49212356617262976
1.035028857737779 -0.4408019154799122
-0.020796384296321968 0.3235961062571959
0.2956554647663356 0.9816305920715526
1.0267948825438404 0.29375929463552763
0.41635542739146086 -0.2662993735007881
-0.5593017071309451 0.7966614115008641
-0.012707028373841162 1.0098566173876307
1.6919988240882544 -0.3311771849753685
-0.8869337272000343 0.3011191266102866
1.6509474911821718 -0.2987564760211674
0.07959887405782808 0.2630071691138455
-0.6655658485853394 0.663186646912272
0.12787947247663364 -0.014556738057973601
1.9877779746233446 0.03884099552739889
0.2512541077968613 -0.18344853773132236
-0.8665066797625522 0.6252661070310104
0.7592994959309425 0.5929455167509424
-0.07599141320022922 0.9383474590500775
1.0446665836017386 -0.4887694252342697
1.7997124407552 -0.10347304030048148
0.48287134736224707 -0.28505032628817695
1.7756968772863544 -0.16578601134716003
1.2932204664372242 -0.4670130238775636
1.5391444368651217 -0.3259393729253346
-1.0101116231070746 0.1713510263529904
1.1081919435114287 -0.4812100356686085
2.0216152925744617 0.0397562732536693
0.9076794200520154 0.45314055275137044
0.8199106836445823 -0.48606832104877257
-0.5476126568887364 0.7913560991940192
-0.8876188915658982 0.267032719980244
-0.5112859932600362 0.8681505281071127
0.8138625574820938 0.5859624040598207
0.08205869683887829 0.13758895086711861
1.0444158206698007 0.2853521733954433
2.0108035153989805 0.25588458755809096
0.6882298918224174 0.7684770414912835
1.1773979769825629 -0.5310583243554199
1.010119900421212 0.4920373209143307
0.09764832738283591 0.058399062319338675
1.9365808805146019 0.38786798695912655
1.9947084483527089 0.185689011951566
0.7389786404035339 -0.47864295912868565
0.1354938268285183 0.9513599596255009
0.9838730740635615 0.3158519172085588
-0.7999137086624952 0.6172312121843319
-0.6389604452891369 0.6782284566379378
1.4143279140716218 -0.47937354517804087
0.22565925798282732 -0.04485477636785139
1.964028022792813 0.3465085536530121
0.5886003957838308 -0.3960376865441091
0.027880237879540082 0.9817588387490392
0.40051331404830853 0.8901652869886175
-0.6251550969389253 0.7373472740436622
1.6868209702330765 -0.17153840334939427
0.0428026183442987 0.318482276336182
1.3684323909661271 -0.5192192879230275
2.037759138980039 0.4858690103801721
0.41521453852638057 -0.4329343767827409
-0.7054238754946766 0.7799163358536231
1.8747450343955023 0.12976476939520643
-0.11159358398453723 0.9817365414100745
1.9282001372849158 0.4458430982636424
0.022681311237211548 0.91891177126178
1.402359498548386 -0.47888305602198095
-0.8038353307553806 0.5690910882082394
-0.1910306499324871 0.9494697208378303
1.369569838367907 -0.3876962287005645
0.49118653877275925 0.7573089564509567
-0.9168047963051508 0.2950417926237125
-0.9786657146255647 0.2708614679873946
0.21882620258471014 -0.06670093530314193
1.548492645425785 -0.38994352209051064
0.06072714585918885 0.00012335849593651804
0.7942676689185838 0.6936924889560669
0.30533059112108296 0.9136176411251304
0.8322016866755502 0.6139133310177147
-0.9825596086770887 0.2292407924199583
1.1547230580178056 -0.3700554572639339
-0.8437224139794585 0.4462077725489501
0.9325481289415058 -0.47019700459530916
-0.05684188599598642 0.491808684094644
-0.7250087045742448 0.7590894505524498
0.5352245525097111 -0.4445077048283737
0.2847112635824267 -0.19207415706182035
-0.4728366921116697 0.8744609389327599
-0.7214485364417559 0.6302270584154686
0.8917906417381 0.22274104549670828
-0.46860913812019334 0.8453352142878363
0.99446966630071 0.10986252360759172
1.0318910890792687 -0.5065712692655564
1.198391117996483 -0.46082620678670017
1.5895767231160494 -0.27322552196544303
0.785191850661112 -0.514240168945634
1.3734922803925311 -0.4044840312804641
-0.772527430503282 0.6534725596607627
0.5931695688314877 -0.39752263712849256
0.3724554220992148 -0.2034243138112684
0.9918632748215361 0.022775536385218977
1.7594081534473855 -0.21701588269678782
1.6631784261651041 -0.12218024414536294
1.2202168699262774 -0.5576737452967944
0.7467657125180819 0.7333454046988961
1.0956639212299015 0.07639266309987136
0.23189669404658786 1.0640920746594789
1.3771254937922266 -0.5273758359410778
0.09125907705503089 0.053620665361911166
0.3537201922850696 -0.26218627794574156
-0.49752305418011644 0.8769569170315359
0.6970542463441958 -0.5272460136806713
1.9612776579528957 0.16358405199011727
0.6769207205965749 -0.4206681948753145
0.2379117652058665 -0.14841879067226812
-0.9198135883127786 0.4647808949715121
-0.8414205619411713 0.6749143130075622
0.9071726710910661 0.6454099740450481
0.9437096428558416 -0.3667271684132325
-0.045379196523451945 0.31024781216757696
0.1855972169757596 -0.08466200379696491
0.8923300166162895 0.2773480836398052
-0.0638567313761556 1.0750950008210853
0.035965622674269185 1.042334392237163
0.7224463473634734 0.7422823223657224
0.5303998790592225 0.8741692240752372
1.914714546615572 0.005230082682457907
-0.8059222259730079 0.5765248991290153
1.7813804837931937 -0.257143439560632
2.008279943349061 0.12306689185448674
0.7645095784014063 -0.4601479010455813
0.1715471958721665 0.9565596387448664
-0.35245289918306716 0.9279327453642756
0.7296908057830439 0.7034868277489807
0.6336090338287775 0.7875094394258038
-0.63889841723807 0.7882103040364502
-0.9803574607040516 0.04169414800989868
-0.5339367788035952 0.8801809631240602
0.14291256544337402 0.9774931699930749
0.8068852085347775 0.506509566833091
-0.0098887053783214 0.18051594630663859
1.6070715846310317 -0.18634331489944647
1.3714350090547085 -0.43605174307420597
-0.7831155491923055 0.5289356809496037
0.10591014116203931 0.03398907884570085
1.7295592954469234 -0.2528365758097473
0.08960766538635272 0.11102675741625082
0.7591885238097739 0.6579302400960759
-0.7992209697567405 0.6368662511889638
0.49124248548472593 -0.4046511004272042
1.1686171849352476 -0.41854679043604176
-0.856566616882059 0.5967019696028222
1.838972697195346 -0.0741878851175327
0.041817240519704424 0.04716615450485329
0.01818561610389887 0.3231934680187417
0.23425686734410123 -0.19287276464533543
-0.27553558729945693 0.9165026515748769
0.010954191665180718 0.9908963606657074
1.2413910503503507 -0.4031521000436198
0.7892243283701349 -0.5439980009320793
0.3056608635527179 0.861149751205573
0.35720486484469893 -0.3125020141956552
-0.02798233870421389 0.27055484708699507
1.707784480170909 -0.38849495724822114
1.4006405127570174 -0.47113730642127843
-0.9423408687082439 -0.0009531165465815963
0.559325775919292 -0.45037286571974267
0.1295871639773779 0.9214617300046559
1.0796380575431848 0.2648077412897668
1.2506191367365602 -0.5112596301333314
0.20357109211945446 -0.1789617936174131
0.44207125123366514 -0.35869744306468554
0.13757794385392058 1.0463302049433714
0.08862633543994293 -0.012775018331211876
1.7670344231481394 -0.15186961859899942
1.7173313978728217 -0.1455279331662822
1.1018263657781258 -0.5011791556794203
1.1243851244751242 -0.0379577740986396
-0.03375567483832592 0.37042948088513067
0.19210300735854877 -0.07792478600789152
0.8638008732691839 0.5247836633937473
1.2527338910944528 -0.3803396002516285
1.941812356388695 0.2367573480454201
0.6176519038045587 0.8924718259816687
1.905151508713756 0.4068856021416914
1.5970520777252246 -0.3021431226305611
-0.4060594622172107 0.9519466160575956
1.8839677377558852 0.324696652637597
0.8181296978794175 0.4541407927274909
0.19373277713093365 -0.11243572997176482
-0.5872736925718516 0.7371939546868103
1.1287343892249648 -0.4811369061091643
0.4885300368428743 0.8378971172776658
-0.8613038211743662 0.45472397365815687
0.08382419972759167 0.24738136131121372
0.12992114217640166 -0.03192912784027305
0.8959477548523495 0.22955537320325548
-0.13896079723564986 1.001801504763567
-0.021260730798465313 0.22398727450778294
0.9831867518911606 0.542705385399091
1.8765089970613062 0.20234815709058135
0.3624669565222974 0.915532897120928
1.3612211634264675 -0.415223835938865
0.954622772196669 0.16998027829986323
0.6910404639072073 -0.45041847330523277
0.5906625243225355 -0.3531746326446835
0.12503134086832185 -0.13421461182246985
-0.9250169600582548 0.3393695076010981
-0.024815895524014836 1.018786133104684
-0.681346290675978 0.525025043191558
-0.14423719721426698 1.1296285670716253
1.1710217507684433 -0.4870156867927224
-0.7532838981842275 0.7226524380368645
0.12440410470905448 1.06582505447806
0.2748006474333909 -0.06702464934699054
0.6040215270823509 0.8411316419552564
0.16576765339292243 -0.00020542098228446687
-0.3320444192916042 0.931448006972012
-0.6448278523505081 0.7926895339448117
-0.8358105943170752 0.2383500428538897
0.7176813339115079 0.6544083433305052
1.9134718118125458 0.1418642686723995
0.12864511708186754 0.03338389861486801
1.9212529561743963 0.08035768612761303
1.1623995773727844 -0.5067703187569749
0.9895081098858147 -0.5223651823568392
0.08551804183480516 0.04422362186788462
1.5111819456012312 -0.3467957191724403
1.222741691346887 -0.5577367711234457
-0.6051285603049583 0.8159842405123668
1.8531337656601463 -0.0884660884167186
-0.7865476890660895 0.5943940834769303
0.27504182518597886 -0.1542610624916907
0.27830617526377915 -0.23600343477657817
0.0388122067722209 0.016948500048257903
-0.9665450671162337 0.2783949704833792
0.6687405674431588 -0.383236517908359
0.23835754064280365 0.9674685816228341
-0.8080118017443126 0.6145359509016075
0.038602797782650564 0.38415055370703827
0.6512197032689416 0.83343617585873
-0.8918344482587537 0.32215753903335376
1.921471436181409 0.2930348746059086
1.5325852872905488 -0.39365771111132286
2.0290856486903475 0.2868108433441332
0.033706673300336394 0.3912314408174074
0.8874223250594199 0.4024822354955966
1.8702240853137981 0.08862388418672719
1.0409187426523117 0.19875522197100903
0.689416287807854 -0.459252378105317
0.7900877044240798 -0.5213627659990672
0.9756193650746365 0.09074134091630495
0.8880021629054653 0.2993406122850354
1.4844097035957646 -0.29234749506052027
1.610026099570434 -0.3200309008212776
1.0483212655058531 -0.5554841639014074
-0.7941993001386535 0.5929320165102108
1.8098734553977915 0.15699969624192894
0.5082757321027388 -0.2960247316656984
-1.0507800850606928 0.367439631511974
-0.8610897281710843 0.5519354379531397
-0.36073663921065596 0.8975175064453714
0.17169796266317308 0.9705181094147082
0.15270285001606304 -0.12597397620644088
-0.011886749185955087 1.0092696665009964
-0.9803662668754634 0.19710253566996797
-0.9505908318425578 0.578795082600517
-0.5655776181708062 0.7203266463765857
0.3183383373361815 0.9109754168817424
-0.09301333657943542 0.9978432028181947
0.3623302052152939 0.9855702468972036
0.9325658064893586 0.2850368503603049
0.5744470952018561 -0.3529903642708072
1.5241115064201174 -0.39053949900645885
-0.19713810403286214 0.9639305633558944
0.9496469871072555 0.5322051628356126
-0.31356715710344174 0.9707429623577938
0.4257333104237683 0.9200652178430708
1.9945031213250335 0.12742046761680093
-0.12356627743299625 1.0446176949552552
0.8677000793490318 -0.5012392090253994
-0.33957550805712977 0.9548282449647332
1.3184774136687611 -0.5222778673358079
1.7703874627690324 -0.13243399384820187
0.21396846533236794 -0.0450694746604505
-0.2449590381922601 1.047969903236532
1.7132712379991146 -0.21761739087522464
1.9325352940484168 0.228191015841655
0.18203286553369713 0.10266376153981797
1.960734215443252 0.1456428329081979
-1.026717035453724 0.30819317900798665
-0.345771625209601 0.9267380390174147
-0.9472744052694315 0.4464564529817447
0.8950456902268443 0.4519358557181034
-1.0145134241577562 0.26971380070880935
1.49725139591472 -0.3868820017454408
1.947482064095038 0.12809460449572505
1.9566048734022345 0.25769364762681435
1.8738615197581 -0.05139409776055848
0.5988691646719472 0.7812581678759024
0.19187604174262207 0.9632111809021509
0.4207056382529756 0.9431260074530423
-0.8961611797775957 0.4500803150696428
0.8556949676011328 0.38766840172314054
-0.33266391365276704 0.8870629732175037
0.6427021146136592 -0.45109157596118044
1.3671338624329068 -0.4692794586036934
0.8763113867199083 0.3301254180379386
1.6106426500632958 -0.26303772991055274
0.37338237110494865 -0.3821747026235557
0.9798909991743893 0.28097823356747464
0.6902715970895184 0.7830205723371572
1.8589818346631246 0.08301984040217122
0.9043251241737376 0.44286032599012864
0.6292157056903788 0.8160368717067761
-0.269749024858342 0.9140978292363728
1.9504283364086459 0.4628190684465194
1.0832651080791373 -0.44768898427564435
0.837303126791617 -0.4470217986854654
0.3126549483803369 -0.22305472830204767
-0.8064985794167522 0.597768617197914
0.640699897920755 -0.4794616172852991
0.5512302395575115 0.797169953111076
-0.9173692388466873 0.444262841913701
-0.9731501733166648 0.16838532881975857
1.2873855330674269 -0.46992623276935014
0.14473458560187763 0.0012639333050997025
0.6740086270062552 0.6174651819341225
0.42229587325009277 0.9217365180417754
-0.3156252992944432 1.0487762587798002
-0.9375016768203661 0.4601977116193634
-0.4270314088829722 0.9515598717042696
-0.4727037189367866 0.7638466917356308
-0.36675675127944773 0.9600102853343245
0.5830848644173064 0.9446517031263482
0.8403467180816271 -0.4514757827990755
0.9648522748992608 -0.5251242465346793
-0.2585904812851931 0.9743632532262642
0.9038556097729238 0.38533970582487054
0.7789728345484052 -0.4565619238743247
1.9531452419537672 0.46036388507818227
-0.9757013621805042 0.17748171048504555
0.7474979976403079 0.5681903979235127
0.12819637561875413 -0.1250892937214032
1.1919979320100023 -0.5442206492847642
1.0262338587874564 -0.01685217820065217
