-0.8053032663097792 0.5321221639791445
0.18571676389927694 0.422180179903408
0.3016693774534175 0.3240778385633774
-0.12689835464473395 -0.9404279451738132
0.17111378638617775 -0.4903671127642543
0.1511372289376604 0.5129517922759983
-0.5043296459865374 -0.1359617340837902
-0.15295154093131852 0.410500307612091
0.3225170484444865 -0.3956141814482519
0.9985302058607822 0.13192719758394023
-0.04680624456356717 0.4982924126962947
-0.4676461131951076 -0.11268096335163141
-0.045290979050204044 0.9284806979218647
0.359193464095935 0.8604343379615056
-0.17682919008105336 -0.9365078612112142
0.4273507829197201 -0.35637366918857616
-0.9978776673445189 0.3134566463270727
0.4524666473332269 -0.17927677958007654
-0.45116851173064526 -0.18584030243154523
0.11943381752405552 0.44014271903424146
0.3613838122355133 -0.32389559835962334
0.08092726512657772 0.5003720017756611
0.2590772381910204 -0.9645344218968686
-0.4972383149540152 -0.31510344862327727
0.5279510178924489 0.2660484335801504
-0.2748109438925366 0.38792098653106993
-0.9738991693074162 0.1647272635762411
0.24372166165243592 0.3992366795717403
-0.9186692466404008 -0.10883505321707036
0.42542021958394755 -0.22542742807425314
-0.008532855500120163 0.5257623605213565
0.45844808892877803 0.3314284384999212
0.45943594712731234 -0.12693119128035985
0.03520555110707902 -0.5747839758128508
0.5934828832461059 0.26670200876646205
-0.9050517479235896 0.4616537361258253
0.5600621077973609 0.0696071928852713
0.5933932060070389 0.8858248228743865
-1.049142845495697 0.026401941802881135
1.0455769802562607 -0.008370035220686828
1.0318344231646954 0.162205043980048
-0.24424019085845558 0.34413625062760367
-0.022770008468169282 0.5011595579135373
1.0355286513752107 0.13317007260204466
-0.36656661114533845 -0.3604152312309373
-0.9820236229378997 -0.11518660104026213
-0.5720253774295988 0.7738150453332623
-0.3166615289052723 0.9064986897384899
0.20028291043060648 -0.5428496036368196
0.3688808053135026 0.36163689805476074
-0.48497758545373365 -0.15822427395480812
-0.17150629106576926 0.4329735642390294
0.8864704846712869 0.38303968575151326
-0.8689817846051561 -0.4496860783190362
-0.16924848459444813 1.0533400180496664
0.9205131934229929 -0.3821990178288294
-0.9052631400817287 0.07893375557232359
0.08934411308472212 -0.41595549879232524
0.5415945167168796 0.1059243962181496
-0.4277343918537131 -0.15596815113120752
0.6279742181108828 -0.8186400815556057
-0.4832373575535617 -0.060947211636036946
0.398874348561031 0.2559948166045569
-0.30144303663804245 0.3601056864221136
1.0478078064518508 0.28725364329885067
0.29399784972610843 -0.949697562273019
0.8389059029140629 -0.44312050012236637
0.18894383932086314 0.4904047643813521
-1.0143134119198602 -0.05544161922270344
-0.6975476363548918 0.7889037823534204
-0.15008725939446738 1.039423840466882
0.7812577332800565 -0.7007783328442537
0.24067955813649136 -0.37417574822124977
-0.15419127826777967 -0.5038575027671962
-0.4285591828677771 0.9189499845170218
-0.3720309831233781 -0.36269480610605925
0.5607178493614163 0.7795962499091957
0.369557094865675 0.8119693702279581
0.11377103922465377 -0.4664078636301182
-0.5569405400839168 -0.0638616411307424
0.9483751415746008 -0.46967782239186573
0.8471983039529822 0.6536107461194203
-0.7436834167474483 0.6576587625294046
0.26409325147638124 0.47439657346082736
-0.18317582302938515 -0.46925155382565287
-0.03772947614407307 1.0253083861899204
-0.11617753270017397 -0.5218261386252174
-0.05015034425835568 0.9776259929762767
-0.9079329999853631 0.06193295183045183
-0.3349989520337771 0.98353458408867
0.9615897123415506 0.319624306794704
0.4599563058575026 0.06212985952909547
0.6498598050764386 0.825521746075788
-0.5060736473011122 0.2650446872054609
-0.5104822345237264 -0.3200111191409971
0.54801799165093 0.008150451947355104
0.42084559107741587 -0.2763076518972173
0.9923466720078785 0.4876082177094874
0.3306752073895913 -0.3811009444620086
-0.06611079866418529 1.0231383321694127
0.5322750160224972 -0.0845432995841749
-0.08658749059371834 0.4077369188833804
-1.0106469532397508 -0.22294335720138908
-0.4394714337225303 -0.060650905494759516
0.95606389378823 0.16723078107233286
0.6551224413764639 -0.5503435989555651
0.31509545486816676 0.33990331478332036
-0.36429218797396623 -0.4056207906379544
-0.09880769160301864 0.5945165695924327
0.7455783718167743 -0.6756908479871319
-0.8333761046351917 0.7687658504820885
0.1417499003512192 -0.35629728846078984
0.8838233178432605 -0.07374251061603128
0.5278234255256432 0.18297115197862437
-0.4615618008029928 -0.10304672453971517
-0.6385947072190845 -0.8740228654077229
0.3752597460604384 -0.20830155508467588
0.880975531206485 0.43693602641235035
-0.3256208051794777 -0.9020417578650873
0.9606284137906933 -0.0035415414688449373
0.6684157401109881 -0.7933721752372529
1.0042497157671644 0.11650513130132042
0.458651762585984 0.20597920268208356
0.5385442437977227 0.8000456884443139
-0.3240823893900374 -0.3219715636263977
0.3956201587365755 0.3340986236083165
0.9795942563333591 -0.3344264447805512
-0.4473765880143962 0.30803841888337136
0.1724060567068072 -0.9945773013094263
0.18193255665319302 0.3766470084506872
0.4226803538139341 -0.9200648390192221
0.6385488765326143 0.7738390892677746
0.09292590235077977 0.9682942399422513
0.20534535793582906 0.9585144429566165
0.3441281550595706 -0.2898703937666055
-1.0165965617934727 0.19206116589801137
0.99300994573662 -0.14645959436599415
0.02141665484794142 0.46301413214316756
0.04338280990520124 -1.001023128561826
-0.052561721040385895 0.9889172552127984
-0.269909350650751 -0.3721608142820941
0.2508125767018216 -0.963765795342996
-0.4377816402676685 0.1127946863778457
-0.8941598933120953 -0.43042012052015927
0.8301107400601968 0.4678999995356572
-0.7405251368296167 -0.6711341635766004
-0.4572692192039739 0.9800026410646179
0.7141384586752813 0.6322081431347878
0.13712951197627712 -0.5201936588714396
0.38419078455085665 -0.367965573142035
-0.912528661942303 0.3021250169959038
0.4460760500867121 -0.2694939920130864
-1.0409335514844333 0.031785071199521925
-0.2769589975272778 -0.2824718457973909
1.0623006416661267 0.17793957557483545
-0.25100301440681766 -0.9932714701531666
-0.11663152296472792 0.9648924333158225
0.8213552955739458 -0.5114873742482329
-0.8929160258482053 -0.47571451265255904
-0.26695420444334045 0.4270297924411948
0.3562989279298848 -0.30732630857556453
0.20984508520494077 -0.4156054894266134
0.4008684131137702 0.3567153149637988
-0.23229335364244927 0.5113882431512944
0.40954556827314964 -0.20762725482078773
0.7401887028709001 -0.5363089043433075
-0.35481840978578133 -0.37492697569365424
0.36584999289803544 -0.38099896030719177
0.32927863953042297 -0.8848335482604555
0.46352292285005825 0.2883419835417683
-1.0067894745806116 -0.13820078479811893
-0.4499699388624655 0.3174044718856858
0.7322402448989651 0.677288246704103
0.3933174339597132 0.9747511593110438
-0.9962641899488965 -0.15405779481774798
0.4770359722664833 -0.2683972396760927
-0.3529351346172287 -0.9412982267321044
-0.5698598835482244 0.8813128239811171
0.046936569477037074 -0.38919432335004533
0.28500489228803627 0.9248939691259088
-0.38859691793692 0.27355386548949084
-0.3762447672268588 -0.045090312038778904
0.4732405625754674 -0.21647543023315075
0.09000604040781872 0.9582292256184112
-0.3869226643659807 -0.42948294079204213
-0.19540743024936827 0.3444677754766243
-0.27960569293920035 0.42072562175932054
0.7281699376489147 -0.7093114284637344
0.1864795361289082 0.9844156721397019
0.39246468550861696 -0.28087430202878566
-0.432620085726726 0.27311997291731827
-0.46984945867509165 -0.9374818757189672
-0.8964781285847746 0.24139682958046618
-1.0053091107140544 -0.3254847085822619
0.7812954339613757 -0.5460514426555743
-0.2854578478077813 0.31927631363480896
0.5167741566582509 0.0005363127359404932
-0.7385694253416335 0.6171386235719583
0.31716667046280306 0.4505352463487706
-0.36986466014897784 -0.2681682041754532
0.34707501224862325 0.10047507049078942
-0.47167678732318213 -0.8052486505430969
-0.910595397540884 0.42619560050677435
0.8962275838748122 -0.4436491405829079
-0.26783984747722767 0.3838287200241626
0.04655859841469951 -0.5404548451332603
-0.4539087489354394 -0.3720990954253002
-0.2742632587225301 -0.3068521210108621
-0.9879634210930641 0.27151653212899635
-0.3154984500429695 0.350469251930457
-0.26957609265860905 1.0009078784812315
-0.039477319347342825 -0.9824886855074897
-0.32379997571669716 0.916169898087341
0.2041290777176187 0.447069723773061
0.1859548710940037 0.9660507374745407
-0.7379791698870911 0.7113355624482004
-0.3869706838069958 0.28575303054414614
-0.0315821865664279 0.9615049610969135
-0.3307473856734268 0.44132446629746475
-0.5120002771755312 -0.8350351767121508
-0.7489374616959481 0.6229576433216626
-0.13892339347887503 -0.9720680972858692
0.3414312270324345 -0.9572386869028459
-1.0105621410474215 -0.16357974541381903
-1.028135275563933 -0.32544611593266076
-0.2637764303749977 -0.44430138648585515
0.4261796845372218 -0.1452068305921234
0.149182779171894 -0.4835295187533354
-0.9500485249653134 0.22528912358583073
0.20702081279733897 -0.4045453020715187
-0.5623355764359668 -0.813673544868559
1.0302194862902918 0.16087889035902037
0.13544391649408224 -0.4043034886868562
0.42363681442283785 -0.11252476397580774
-0.06203821282569073 -0.47738044256163414
0.3067263776974761 0.39431424936426634
0.35733121595602113 0.3467193791648268
-0.40050280824437523 -0.19517456653313336
-0.6971824852012375 -0.634930689925793
-0.30755432144367545 0.5047450355445683
-1.0024078853115617 -0.00695605640492486
-0.9027193112409362 -0.5647499025538076
0.9207565826985904 0.03593957136467051
0.899650294866492 -0.2648026283200615
-0.784623036610311 -0.695334149007891
-0.23248563396126415 0.45093764757960386
-0.8783501665385074 0.24616725354542818
-0.7042499925246668 0.6584597219405424
0.8222986402515462 -0.7190369302059261
0.43383108439707013 0.9384768003780287
0.49103802761282855 -0.032582031376564756
-0.13059471629256086 -0.4304894118010175
0.033720809032714634 -0.4974436225115272
-0.1401687343202937 -0.43995568237104027
-0.008215739013090246 -0.4222931614707524
0.9244307766527053 0.38786325813619765
0.3031951606007156 -0.3633651250190631
-0.2582783278732438 -0.400919438768524
-0.12246182082806417 0.5454917976757441
0.13657247494056815 0.9943763288511395
0.4147835516219188 0.2797790215106919
1.0386601433193445 0.045894987020779494
-1.041896335274781 -0.12731595224039724
0.21357064167374493 0.3358558203853773
-0.9066461034395558 0.031590272537511316
0.14501525982068514 0.5402563725773373
-0.039464913782588484 0.48406193847235707
0.5130345196162239 -0.08891741058861818
-0.34311071633769813 -0.4647283444449234
0.06066751481504253 -0.4641049763515304
-0.911638998803604 -0.3213716350520739
0.021197819605017838 -0.9717800952523667
0.47466370661939833 -0.8494427730652288
-0.7624428619877863 -0.5761809804067343
-0.9144652341623942 -0.23336980274397895
0.4535576793923657 0.0863129644539957
-0.10043229669349175 -1.0263022884490396
0.1903720014600159 0.978150015562341
-0.27168095841547035 -0.4893980096727746
0.40765058210260074 0.14789834734806329
-0.43634003605090127 0.02010248391981653
0.14639233151082218 0.3978791215231077
-0.4538563711264535 0.08858115750304209
0.48769991320392275 0.7631676038094537
0.46593152406319727 -0.01879167562642036
-0.368411798014627 -0.8443647294704466
0.19444064689525703 -0.9631962494639352
-0.47895466624183164 -0.9526224484692586
-0.375181553583675 0.4482742264383066
0.9377936038813304 0.31639610756216036
0.6233823754006248 0.8157339711806573
-0.3745722902726566 -0.32240050927218844
-0.01102127848765234 0.4888275374055083
0.3191838872643718 0.9657843984031398
0.8954817645801338 -0.4212846083384292
-0.9344496515316655 -0.42117096219658157
0.9670116200494504 -0.16066930599509527
-0.16054026858005732 -0.9191875310117202
-0.5007501952060059 0.010390242936494237
0.3351813206971038 -0.8522605218701669
-0.5500275488449089 0.16763093017778213
0.49126816705463566 0.19455265793661847
-0.04105742312932649 0.4823871469071758
-0.5438057233927318 -0.8478082604187316
0.11274886267789958 0.4281912375997173
0.4637646112511034 -0.3368877587162205
-0.7122485735715759 0.6395800165583783
0.22181852877419547 0.9939441433507517
-0.22443081252207764 -0.5680803253260167
-0.10441706064886101 -0.4581488875297423
0.9742571480979159 0.20152250494443105
0.4264433460914557 0.25848560732337367
0.867383267707147 0.4536050434192707
0.40212025870659246 0.13544067530140264
-0.29462951038478785 -0.33874555804292605
0.9426170109523707 -0.11402680276145911
0.38151018298323347 0.9951313860360712
-0.8002788252746738 0.6198148838667692
-0.48741376037865886 0.20014778247556064
-0.1201871503331867 -0.4747211321886376
-0.5700739080993498 -0.8322340642371449
-0.4355648443367237 -0.007638621787398506
0.9192696338726822 0.10434649656192797
1.041984932085141 0.37982712409773034
0.0838541295819022 -0.46098078578233004
-0.5246348435837407 -0.07894935223002741
0.8035124201636877 -0.5665767705202504
-0.5427881693532955 0.15871053785407196
-0.2715959004953083 0.3554514594020086
0.7878599712709848 0.6484979542256168
0.1048372043939107 0.46034454516557566
-0.1128777891147178 -0.4627334577404662
-0.24867766687744358 -0.4267042788427105
0.4204167486022222 0.15328102600535476
0.4454573223512513 -0.920367134253576
-0.18018369654836153 0.9319948145962021
0.2792344370829978 -0.9333240528196899
0.6287039541780605 0.6733295179718197
-0.4162618924211666 0.028099282762518316
0.5848624778352176 0.7969392905081132
0.4452664182240212 -0.29125365292857613
-0.35408597398298913 0.30824356998165814
0.001685784938550261 -0.9274211135666661
0.4735047902132928 0.44276671816162405
0.286081437996902 -0.8686219175861591
0.46470588786183115 -0.24805592156517747
-0.05799960387834276 -0.4980625974244933
0.9437266953825283 0.07418106152326895
-0.45985793516488227 -0.09860961902490994
0.7591754644435461 -0.7660262860661102
0.8369317136477425 0.24087721433506176
0.48756934938024876 -0.3236573788925272
-0.4570072109267865 0.2637547484342458
0.2893082182203933 -1.039701859960317
0.9800002038891303 -0.3413252569560818
0.16989569798910617 0.4649371223742197
-0.03278413299402905 0.4462469346196194
0.4711112636393075 -0.2162108846671249
0.9101220300863562 -0.03382951462098159
0.084987483189618 -0.9322917958059694
-0.43422502969697907 0.15420556880259864
0.7175981322318989 0.7418944248413055
0.09827355286961859 0.44196389118067514
0.4654028234522998 0.20230568109546035
-0.9246963319185503 0.424122329850939
-0.44004601497521806 0.08892167957225432
0.827298623517181 0.49950007470779056
-0.7223948373901051 0.7820811250799298
0.036933401620520875 0.4790747439026193
-0.5006999452861782 0.1831650532712932
-0.5814580785814557 0.9438826767880586
0.37464663010457705 -1.0196802115160637
-0.45517142338792643 0.9298533686490972
-0.29157950369495644 -0.9771070127460356
-0.3593272092165648 0.3672782545938968
-0.43832123596154626 -0.22894658915489077
-0.9936637213992422 0.25623905027192057
-0.8501076438256275 0.44004478598438485
0.4742323307280255 0.3695391186195506
0.6988739216086155 0.6617612779891259
0.6585331234804308 -0.6770140431186894
-0.9611624248986671 0.3717721055296361
0.8793814644432281 0.2831720119898794
0.2118812344830285 0.4360136828120044
0.627893790597871 -0.8182881621619728
-0.22029629259851258 0.3183941797013738
-0.10581264739499571 0.45814044381543895
-1.0385371064051492 -0.03231792863797023
-0.29173732211275 0.35805441426229945
-0.03985814580816513 -0.5725274470114593
-0.2959487136660414 0.9569914984481325
1.0236449225461857 0.3255659965806999
0.31133466539235827 -0.43978422192874145
-0.27520630006527436 0.4052149929479173
-0.2757279751164383 0.38080055846479677
-0.6201394814056354 -0.7695647818869163
-0.647441663748939 0.6848109369733394
0.20874448071858234 -0.4405374766451067
-0.06394052930104319 -0.4500103981451027
-0.9909106513742364 -0.3866774877168506
-0.8837441216640338 -0.5585860809885815
0.5506063827308757 0.9260730899102586
0.23595725054207511 -0.46576674337168017
-0.39202437314900024 0.9153919704583534
-0.2594533997086216 -0.9866587494718464
-0.9087562744196236 -0.176891812340368
-1.0219954975498544 0.08870812147946645
-0.04332647917576258 0.9695657033520624
-0.5310496504236457 -0.02532031992145481
-0.4174819455133536 0.1897724642045233
0.39583093160101634 0.8962701910018867
0.25689054659073796 -0.46269074568920304
-0.7099577368973155 -0.6784328327695037
-0.5340191877882193 -0.03190430401488173
-0.8685078989679146 -0.506123184782238
-0.593645781017109 0.7807213803104456
0.14756446930214173 0.5171347638100239
-0.41878500884473513 0.20454590991649224
-0.3002134786072127 0.4669628359395261
0.892719640749109 -0.34779492175179105
-0.46368210422658057 -0.25359987617844537
-0.03874404464495035 1.038951296422908
0.38427897194129657 0.259245929478941
-0.320878846034054 0.9802622076907201
-0.4112231097044412 -0.28597071267652296
-0.8258163555520305 -0.4967778913115931
0.5507624779785971 -0.7987956418905166
-0.3579046847950687 -0.9402374816749417
-0.5004773577076073 -0.14270040361796216
-0.9158482564792343 -0.3715120144611609
-0.44763701831006836 -0.22934182789773358
-0.1560506102109338 0.977342797605588
0.28715797182418307 0.87019512381555
-0.48595480814198494 0.09268387483345032
0.2856800433743785 0.45518813750519993
-0.9002805928515795 -0.33046526185165914
-0.33278859336293987 0.3653278779013086
-0.6679864190044771 -0.7574002385621759
-0.5059368957454069 -0.8637676880751655
-1.0114757189351284 -0.10180827950773651
0.1612718300843555 0.5689025984293636
0.32853183076116116 -0.3694975319563956
-0.30970145499096796 0.31557177912780954
-0.4922587490408703 -0.8536536580920926
1.0335620409626858 0.09048928769740036
0.26164721198868085 0.9155141197711427
1.0083368484725503 -0.3013228350919024
-0.7938624482386211 0.606381155555021
-0.8924335208295647 0.3850274841152328
0.08990530785793682 -0.9664603131630105
0.19405874398646386 1.0910053343768586
0.9339116584639723 -0.2313391929956265
-1.012568447626776 0.2374229931931145
-0.5982370281724815 0.07144878303793165
0.24053293827074015 -0.414838318762362
0.2861456213136711 0.3618281512221531
-0.38049452875914225 -0.17247520349112055
0.9718729955739389 -0.1086627527119461
0.2027414708589577 -0.36189977400528783
0.35982932213171226 0.3187999675819293
-0.7491797010973916 -0.6085956165784482
-0.4777335654566571 0.14066545469273464
-0.9293943670540985 0.08360445098756433
-0.11198060420957077 1.0097925987504643
-0.2531885450414024 -0.972638188108551
1.0198416806045425 0.21519134912585997
-0.4574750934055623 -0.33102913460417815
0.4528270582517702 -0.08744910669821368
0.4915194779512102 -0.06358193381978877
-1.0203689483224754 0.06178832642503483
-0.46565657033019703 0.11319377707071358
0.935747589435754 -0.048813292970380194
-0.3583661403718283 0.2255905223323848
0.5197473830255952 -0.9071793978125392
-0.4829308891820056 0.08930426247747608
-0.5023559547943287 0.8278738016647288
0.20549224402045552 -0.49104575941940654
-0.004640661395380469 -0.5803865675060366
-0.07280604161259434 0.4464071483576289
0.8230399936273751 -0.5972763296516524
0.4608292632676805 -0.04916442613352112
0.4224308078315363 0.36274233834499675
0.5166254322040382 -0.005565529201984373
-0.16061043236603112 -0.4268915366046609
-0.983880146180603 0.03887900391345108
0.8831209148534402 0.5516521130405672
0.821425293988237 -0.17978450825150277
0.023410026551794763 -0.9597045257402446
-0.49120436380245924 0.187065946879151
-0.4899713588053494 0.07696890239489806
0.43539054780975933 0.9496313515319246
-0.37264687484472114 0.9217283953410425
1.034790182136642 -0.05854205738291465
-0.7292649977130732 -0.6162441025085221
0.3186325386538111 0.4688196513383668
0.9059338897916116 -0.31652811716116114
-0.43516989450237165 -0.039167936283964075
-0.4911748425392649 0.2615543030405836
0.04723311362132325 0.48487168499678107
-0.46542942590848546 -0.14351282038398638
0.4563880875470091 0.20314324046561016
0.8378661765285378 -0.3490748157209154
-0.36607133694686134 -0.3996341131848978
-1.0277904213095235 -0.13729057574051093
0.7944776385760701 -0.6005217347296352
0.1302237170739303 0.43330704947922627
0.3571875225769502 0.3893330087894187
1.1031668636470235 -0.27989325067309717
-0.774730721359981 -0.6451156457522197
-0.3874382028739127 0.9293235662643217
-0.5082546008719603 -0.8195214614779448
0.45303821785835574 0.22958089932326167
0.5505773273722206 0.8814552961847346
-0.82590449410431 0.5223696562942505
0.18143034720520054 -0.4513611655585482
-0.9997937918146099 -0.08760788580033961
0.8321259592075451 -0.630361055948705
-0.1090432528822731 0.9983531773666384
0.8964646488063149 -0.3723084536609821
-0.11425292657093551 0.4142212632142791
0.4545059176263199 -0.020341155338160014
0.5276731934495583 -0.33510940465776645
-0.07616078171257329 0.46397615795286945
0.4605861155834892 0.18712141460656156
0.405352191250699 -0.4361516675568015
0.18921795282925002 -0.5187387778158328
-0.435183150198252 0.2641194197835527
0.6890929420667178 -0.7059453758885063
0.3487704667883628 0.3371460153845274
0.3566236564202812 -0.32821687477423145
-0.6852198562820555 0.6973175774131872
-0.8246616756385908 -0.6292294942149732
-0.40027403733000416 -0.04752874637541123
0.564085874687279 0.7445360711448713
0.21481128521780138 0.880157609443398
0.34479396509966864 0.42580229032679273
-1.0182274056018872 0.19407421752975873
-0.17296005375154772 -0.43323133925247587
0.4876656658618834 -0.13744356698805654
-0.3451430278801977 -0.9377168072965848
-0.36645725537329715 0.940455508339277
-0.4389951131897724 0.2768322653305987
0.4131791556615375 0.19611061360337798
-0.221475969524905 0.34726222318007843
-0.7473341177625653 0.6504840436234905
0.0787576026023869 -0.9472819339868715
0.4609052855280315 0.09667878145662809
-0.8714757364588038 0.5409312229552542
-0.9712987075821217 -0.3752098770118139
-0.8518650397982107 -0.7490406291971685
-0.09003891015733137 0.5377155062346551
-0.24246597772566025 -0.483701750930191
-1.0150758855862019 -0.3181540250100341
0.18261541004072507 -0.37054262710669705
-0.021927349507375935 0.41900247034130583
0.27264591686511597 0.9108827390331882
-0.1888852146319287 -1.0631483951489886
0.9546684240095328 -0.09073861228904612
0.12192897204713041 0.5309459037418163
0.6329327514320613 0.7287994406951457
0.5084435496635896 -0.8949723366602611
0.31781921157239884 0.9867659935499336
-0.12083745562958162 -0.3675817800686015
-0.37835151934640665 0.8720749001851258
-0.186508213329051 0.49949982295131073
0.5364620236739126 0.821594632392109
0.46910780003286756 -0.09492703697496423
0.3221106342728499 0.26637440178318617
0.9191145414253016 0.0911617791897874
0.9096708280397527 0.34151959766640105
0.4725646788188781 -0.1675127226495164
-1.0303611908946968 0.21294596701345792
-0.39370099743534276 -0.24172608781149585
-0.3776531080626958 0.2248385211772778
-0.2778127061537091 0.4885955029383118
-0.9653830773416809 0.44314048745943624
0.9422444286943766 -0.04669613787589321
-0.46314650608173835 0.882004667893799
0.45783551812521994 0.9088878144789917
-0.45710837004583466 -0.0233896269135173
-0.370476341180477 0.24437694115685815
-0.5147019215459611 -0.8427107862877916
-0.46121766365575384 0.35467217552875097
-1.0089879985978625 -0.2575994096422974
0.2586018533054553 -0.5003096193302439
-0.39116790966429654 0.12625902091351013
0.2384457643691202 -0.9753173919168137
0.5472314022777609 -0.9275716405937771
0.4561423560392618 -0.28910280991697196
0.21885634438793924 0.9969360717546402
-0.6259207794338895 -0.7632082648721699
0.3702066167526088 -0.971146374769604
-0.433458873447678 -0.1347663547013332
0.24628138388151932 -0.870383162034418
0.2805897343990891 -0.31899521494796257
0.5502926844602518 -0.8265488106874054
0.7492435378014572 0.6459709343019324
-0.5924304103945831 -0.8313401395669531
0.18998588255129858 0.5314647962646049
0.89894403993448 -0.03664441023028981
-0.10616448012417029 -0.46619839347467046
-0.15385342447152875 -0.5020929917288464
-0.08542969795368072 0.5447568438023116
-1.0052260108793383 0.1493028782427434
-0.016096152385992157 -1.040486779825445
-0.7097162526657055 0.6958807138501755
-0.8714965379433218 -0.40889233324657476
0.26793268209682675 0.9390153229023531
-1.0682531058396871 -0.09748502753535997
0.4014341351204334 0.11397044676776322
0.48959091010763234 -0.09018700916156808
-0.4721863898677236 -0.11533851847124538
-0.24270670169667002 0.43394217519556205
-0.7036769247657395 -0.642892107289423
-0.11164520783447006 0.5316204952841583
-0.45462051217540006 -0.13196667957093763
0.01599044338482264 -0.5270267961257888
0.7688378447917072 0.5775587893134605
-0.45091006842352616 -0.9713415382479524
0.44907012066961277 0.8690108792522734
-0.6792359739244708 -0.7762268125031536
0.3892178872325861 -0.9329644411310517
0.4222682672645122 0.27808410251828874
0.9023526788967968 -0.4763223836871926
-0.8734498313582616 -0.07189902472173701
0.9587342160520693 0.40340699552437115
0.907769714578347 -0.2577310671787157
-0.8866629439798256 -0.5120805362118084
0.05425326923278679 -1.0059231003086215
-0.4648849370973167 -0.11139567849991577
-1.0159785070336573 0.1085109549479358
0.4044145683628816 -0.4236540509747353
0.49846544621091277 0.14438647083731213
-0.9850089936995579 0.2731310958150542
0.9264247251713452 0.48853201239197486
-0.4685396883023323 -0.22331846367906916
0.5322553788354043 -0.03391386998485198
0.13103123864146146 0.9870714825929261
0.20928068426214727 -0.36966254690814637
0.2755320711152107 0.4814221157501931
-0.8200828325619844 0.35462039232011006
-0.21677385858131948 -0.949661846658058
0.33259929095288265 0.3734087024157627
0.08141054019233909 -0.557739846758864
0.4906671638432369 0.09961886811390513
-0.08277368242213703 -0.5862127492500826
-0.6315983439697295 0.7838118650741615
-0.8851987440386834 -0.40860407840279356
0.19344621852345384 -0.37736488830487125
-0.21311712167414668 0.4794715148639807
0.15122811030792582 -0.4181602147142843
0.5687652816335838 -0.8859031643685364
0.17819338749956617 0.9327678896670291
0.10638558563939315 -0.5563947674270879
0.10944739608288594 1.0213743526512664
0.9688661907339094 0.1392420789183269
0.4211872249027469 -0.3804526240799446
-0.8066695447528507 0.6869116853841033
-0.4542284109934547 0.14609897376190334
-0.4198896025668025 0.243338044426696
-0.27049720804938315 0.9648349820287593
-0.6806553869553382 0.8241046458017909
0.7219417129354229 -0.7341791508846252
-0.0868469870905576 -0.5552246377883491
-0.38961953810856376 0.2547881837850659
0.17709864627124014 0.5025689560398617
-0.18031886767526017 -0.9128731826347747
-0.31788887491285345 -0.33389267183321614
0.4119515927410538 0.31309367634090773
0.5024421273793384 -0.09633106449311027
-1.0469426142159506 -0.27591512203298146
0.8511117822930632 -0.4607401061296384
-0.11214067941567002 -1.015922389325921
-0.1561909905585262 -0.4649835403340661
-0.9759103958060895 -0.29221316394258084
-0.6715473725118077 0.7953826180960235
-0.9828251971063785 -0.3141832287812932
0.9729904876126872 0.24213519027668165
-0.028931840708881735 0.5399743735164905
0.3886546422506807 -0.9057279933865201
-0.01606614239189895 -0.45711179176914735
0.39580468211897746 -0.294335944580593
-0.6138909950315727 -0.8249621805512568
-0.9442400668157274 -0.24858399726739908
0.21848380682254626 -0.3477779375337958
0.0347975310840775 -0.9360297009369035
0.41568581549157524 -0.38862896153576876
-0.6020632497193942 -0.7964181313203178
0.30722591756368517 -0.37227694483596835
-0.937207282190547 -0.3601873232379201
0.5241058993430883 0.8736805085343199
-0.9784392708928364 -0.15716054072961796
-0.5872632003162442 -0.8390930428797045
-0.43080396260258 0.9475993479792348
-0.22392577692366253 0.3583381994126967
-0.5195395390886621 -0.06403511692473529
-0.7991459218977834 -0.5255646092664131
0.20011181733755296 0.4350228624661616
0.17607313211272235 -0.4641643536817679
-0.03305777464365968 0.47717522303472415
0.9623900333276662 0.3734676877865977
-0.47816014842762017 0.13301643193808085
-0.4044933908240526 0.08947667616356268
0.8274319487870395 -0.6980833480666819
0.32351582004001705 0.3216783501231096
-0.7936491884155976 0.4467877770531107
0.9878914799835496 -0.2436465340019889
0.9399295837359909 -0.1435459647139143
0.6573387940585643 0.7077244986887141
0.5567976878874238 -0.03854332189661813
0.407093369759462 0.2922235775559449
-0.24664249454260231 -0.44620928068922916
0.4045489094131655 0.16767025436504737
0.3795420571897156 -0.11102373042796926
-0.5588997464594299 -0.8963948671501886
0.23645819709967036 0.3950801195313692
-0.45974907649195734 -0.06318907152853925
-0.012248784658412455 -0.9175691461801816
-0.043291110664535566 0.9558534463772475
0.9341990022909528 0.04610135656218258
0.16565288918244317 -0.474911282668192
0.1681393762104031 0.5235798422114135
-0.13074975809072628 1.0141358387799744
0.8470136912071278 0.7273685670616905
-0.9199643533112322 -0.3762953194682782
0.08581107477292119 1.055220953985962
0.055564887760727814 -0.5482248390912119
-0.5627379023703504 0.9049380309041177
-0.33632513576246736 -0.9409171647652014
0.4894017662781301 -0.0863173991669633
0.9976253328891571 0.229384580422341
0.1932705117746978 0.41382850217885286
-0.8517951184246508 0.5065300335530437
-0.9328093650101519 0.4239972863575987
0.9430334788375263 -0.32174823790703155
-0.47832985500006603 -0.20739465771803828
0.5358462801040196 0.757816695086202
-0.10396270435107274 0.5132081170583743
0.5664085594795693 0.017178189297759754
0.9504596426348462 0.20490615699098885
1.0122755054397692 0.2161979760633522
0.49457568562372556 -0.04342154718980218
-0.8857840513477626 0.4832096275094887
0.15894719798455686 -0.5112641007614839
-0.5386112242350427 -0.02431764527026952
0.22012766886367247 -0.40304103713001993
-0.18460170620136004 -0.5254570131661886
-0.5704636845264724 0.777523948790029
0.09556801157798292 0.5289106887837448
-0.34431127832941666 0.1990542149202349
-0.04865446203840326 0.5357118306819916
-0.3267088088034821 -0.40940760829078626
-1.06173866184875 -0.2276653959708906
-0.22066680979323472 -0.40585290855931255
-0.04968940989338435 -0.9796646981210473
0.12446944025499632 0.4638580823189678
-0.10773495074290237 1.032438040273774
-0.1883869277334565 0.44323277158072033
0.018985562647138528 0.4331809197491836
-0.4111905557523244 0.30454210615153215
-0.17206290179384795 -0.4522942663372479
0.9312262030574682 -0.08091094528445655
0.7062110410742235 -0.7213966886320705
0.9275987828655102 -0.536473905875955
0.11764284135770967 -0.962581913774258
0.9922066077435807 -0.0742338347512745
0.05493236466371465 -0.4888906046715813
-1.0243535956914531 -0.39472550970800546
0.3137414459541037 -0.3586540526125893
0.6876136295161133 0.7358632933449406
0.2549052166256624 -0.3226652193572138
-1.0014917175093863 0.13566828293022293
-0.8291909646300152 -0.5820099454343228
0.5377524840127944 -0.06982676187865787
0.14316290883081959 -0.478573390067113
-0.9121875470592472 0.4399639891926793
0.4478706121739251 -0.02613934044817566
-0.46475779921467164 0.07134287787942475
-0.2644785209320582 0.30907985243633784
-0.5045106847005195 -0.1103186386992161
-0.08995691692621507 -0.45197006436035736
0.007883055333526512 0.4414125203409374
0.9520326309585437 0.271204328697222
-0.38647428945174866 0.42619151549970885
0.9634989004564287 0.4099181464161236
-0.13659903136127022 0.4453578069314349
-0.24690627043844476 -0.9715353916850603
0.2636749932812419 0.546096475250512
-0.2634283585070334 0.5165143803238166
0.08596612427830584 1.0097150178591665
0.48385038674936165 0.2537065166209383
1.0688315939022008 -0.21870880266458403
0.37411879609286763 0.2849844379261046
1.0113996468937974 -0.03664294991208977
0.4036041849036759 0.8812356849196202
0.9775523211069547 -0.23684710079959626
-0.4794904036605063 -0.9532761730304381
0.45331872227020925 -0.8750558946278334
-0.3575364236124758 0.9248890659772069
0.9084401434758463 0.04927817858120639
0.8275388101658422 -0.6755766057277477
0.04304615792692411 -0.5562887931022226
0.35336768865154233 -0.35011275823646515
0.5270054791477103 0.12765780335846585
0.9246677704843714 -0.06605530247302084
0.23662880204856884 -0.45309112831096127
-0.34668947591036203 0.3476563029234913
0.03372009073134986 -1.0077332765535263
0.5199938293374405 0.2806423846408158
-0.5035797727143175 -0.030534577590789425
-0.243375416893972 0.32250319482724876
-0.41011142994761196 0.32362250274321286
-0.23470082683810442 -0.3874141362409768
-0.4611640032592138 0.23605268540194185
-0.8873627681055668 0.3027378486807509
0.5017828507362018 -0.29882996590193633
-0.5405633927057 0.02675217656936442
-0.9414266044639821 0.20722704042090748
-0.4592452263839683 -0.3319529701807836
0.2995268511185721 0.9774454499962439
-0.5170038473644052 -0.009026343926636217
-0.29609655817124864 0.43873616521810005
0.9829351631409502 -0.10907329782995052
-0.681315298865516 -0.8292158897642817
0.14504062708793902 0.4743275778185859
0.25161286496616997 -0.9389864104891062
0.46410791436176063 -0.29622419044089826
0.10863450213467549 0.3420708212622691
0.492340077990865 -0.8218474623846591
-0.9864461687395004 -0.1920506161688825
0.012705822190006204 0.9622083761028373
0.4395186959347354 0.31643069513200334
-0.825526671207118 0.5807666467566285
0.49670538792505897 0.1767348135745367
-0.5567155023189994 -0.013994633636965063
0.40783962654466777 -0.1976667923290999
0.530544205659215 0.1271685836043918
-0.4770688607691354 -0.2423000611481993
-0.43079972206764017 -0.27106000612844194
-1.0598991013578325 0.1352696139713638
0.20336616042844372 -0.578595266896919
0.3919601389266413 -0.17092028962313013
0.35234383080274956 0.39824824613806836
0.46313087194952285 -0.030774919910919015
0.4929859754135013 0.13344875860648675
-0.19486378185179604 0.9323088420502063
-0.9246058568761365 0.1665760532692327
-0.29635393145502653 0.2951978295528369
0.41811165552890167 0.183998638986308
0.2534408865581896 -0.4044735538652058
-0.46756866981413625 -0.2039133315859042
0.9177234997979704 -0.433733637940697
0.45181943161220905 -0.05910369817047071
-0.4743940632648949 -0.09518994859335433
-0.01855433228795112 0.47994400794537495
0.11266405976986713 -0.5392815192902839
0.5324226544289834 0.19481877465112568
0.47869246814359434 -0.23354237100784428
0.3936587839447453 -0.21006876495423313
-0.21083796848107367 -0.523218479161205
0.2700704551829552 -0.4410513823940861
-0.9460822401202567 0.48787846317930694
-0.3220115621386507 -0.3631465314944874
0.5086996663192994 0.07875313953949048
0.3695125238655641 -0.3900206908452061
-0.6040312710636381 -0.7971565584288078
0.7319157518009665 -0.678258986516615
0.3872333106211762 -0.2208266793942763
0.5566246093341369 0.866696173977049
-0.3285964006746724 0.4569601077198138
0.8533948884793128 -0.3216874564443307
0.9927866548582278 -0.2660264072977555
-0.13537410802438446 0.435844365629261
-0.568236279579186 -0.8289511626021844
0.890336224385744 -0.4754529714794913
-0.4822193652215867 -0.8833552782571266
0.3012700905414679 -0.305732504186158
0.40135607136034884 -0.3051444506488626
0.34213755023500236 0.9603155502944353
0.04141276973601375 -0.959003357662458
-1.104367964192389 0.11237994364704976
0.05238677138440885 -0.42183081830473274
-0.14819408990198824 -0.8872202481362831
-0.9337313956868168 -0.4063648786477058
-0.504701166161651 0.19834027234426643
0.9162145556030702 0.2713358366669379
0.24824094143021516 -0.4220280857564735
0.8553880649251193 -0.4926446706415732
-0.610860189720991 -0.8034907135791004
-0.2011519860518733 -0.9999209205371397
0.7480613857034408 0.6619725425077887
0.21854341962919252 -0.404572716476742
-0.4702561514989927 -0.23105209660824816
0.39630157414947165 -0.16247894743964406
-0.7935443219805299 -0.537990659390084
-0.3395124137053658 0.25200141302939333
-0.5444223945826504 -0.003648920149404986
1.0131381893153772 0.2520804627002258
0.47723352114496576 -0.0590056377766051
0.04155481130025926 1.0618413174104533
-0.15485554230621587 -0.4277060707004158
-0.3193657181211308 0.9228910483319578
0.5255848983184834 0.08900732803186163
-0.875751112950459 -0.45327307421931035
0.22660962444008823 -1.0135205458839343
0.03917640482487186 -0.4959245275802147
-0.1709486272873044 0.9372373098262329
0.48312661957075864 -0.028647600340221957
-0.44011332132639497 0.253746933109159
-0.3093954323965438 0.9198086798805891
-0.40071622103887766 0.29848586774064323
-0.14452941008050746 1.0118986314379814
-0.3704600133926541 0.28074664664444254
-1.004918762427771 -0.2595480429510634
0.8544794969538021 -0.5724267420916691
0.9531497023120143 -0.44275890396178713
-0.8472338374245739 0.5466752228643627
-0.5293390499600938 -0.18228065902711732
-0.5027811467557332 0.8132069437726783
-0.9109827256019749 0.19490799603785214
-0.6789017047224398 0.7629380126276656
0.41282649987547587 0.31865626975049405
0.4651124657347729 -0.8380907886341147
1.0493384929136063 0.062473134834204726
-0.3611469905144493 0.9805711671606697
-0.39231522161912036 -0.15304053834597306
0.047433950363709065 0.3821185310861353
-0.022211057700718254 0.47565266461364647
-0.2544387204446946 0.43350589004737233
0.854789027953582 0.345990410993007
-0.29529751003447013 -0.4176405217991815
-0.5384445066490795 0.006817990192852348
-1.0470078295936203 -0.01982618695081577
0.955211587078509 0.12578428610516415
-0.38509805403252423 -0.9663705215853071
-0.5137756692562385 -0.07471965985662375
-0.9488981456069923 0.037798577150912574
-0.3871025266455339 -0.2757925148875964
0.4827000854069798 0.09205684669904479
0.8951713564601991 0.44778961517529586
-0.20906174479568038 0.44761409195650576
0.0703310402387733 -0.4613509152503446
0.40906085626051564 -0.2293890612043366
0.9613356652057272 0.3807129049936114
0.31277262817194995 0.2720964158901189
-0.39917697933924773 0.23340854507501968
0.32434458852860354 -0.25556844438814524
-0.11177177248455117 -0.5561142205144685
-0.804952418132703 0.5454550009936484
-0.17420042078776385 0.40231958784238464
0.1816950741736163 0.4166082842543458
0.9056118615919921 -0.11131034543305826
0.20844994037021244 0.968539322139678
-0.48511050480166895 0.9178804898398055
0.3095144989501765 -0.9206424699803757
-1.0658756187849048 0.1276286741392135
-0.4900396688781903 -0.09955241013415599
-0.22947028216887277 -0.44757732380631415
0.13050488315348072 0.5047341501267314
-0.968932636378506 -0.18469625311479348
0.5002183010377313 -0.24867173633914283
-0.5938340765077293 -0.8335322088642596
0.7502685422663444 -0.6261293628555669
-0.8790460854789957 0.4737496355159986
0.16148748845666136 -0.37920160119329305
0.6562388532830066 -0.7248472692026188
-0.24656458738786272 0.41896970396736044
-0.6514790642577739 0.8171475150621779
-0.5100598667671059 -0.348086648845098
-0.10149436193354888 0.9830961720438525
0.6552621005953406 -0.8082117384086797
-0.3975938858872299 0.2633931995373769
0.7076251284401536 -0.7542748125212693
-0.8209903929810932 -0.5277714788669129
-0.1404328684355945 -0.8837295073553858
0.41420656155047325 -0.8977566592033397
0.9386636854161438 -0.04172010847744049
-0.3938854716998708 0.18890792485962823
-0.9902886868086654 0.1876045714162704
-0.407369434803582 -0.37984119802867294
0.6842160074509386 0.738226445557987
0.9190311523831491 0.1104894722802534
-0.9134853287089508 0.3551066454241613
0.4935517220580591 -0.1554931602658418
-0.49615374351722497 0.2746477606064102
0.3437395308222437 -0.3288706538876933
-0.9466772111220337 0.14152909260549934
0.35228889483303916 0.07688404045532228
-0.027193773082481134 -0.5117248481442146
0.8685191382570051 -0.6461954584238122
-0.06601940132471618 0.5723593658931305
-0.16908744643306053 -0.9668450313873644
0.6512448306375651 -0.7872828675834661
-0.3382199978638741 0.3615191487885176
0.07798531347237782 0.5279404185561016
-0.38985774094482034 -0.9953735444662464
0.7934863204862027 -0.43135694072226743
-0.20772179338769933 -0.33833436441908077
-0.2185863906206187 -0.41311576119307286
-0.27572254241301225 -0.9067545590489624
0.7494912802863675 0.7109301971075614
-0.3285430659153137 -0.4163912601153645
0.9449045360026723 0.4227414964862179
0.16162936613290568 -0.9489246549461399
0.39613950071709375 0.22649792415915596
0.9566163965055826 -0.1553723947265639
-0.5515109872469578 -0.05303581128042153
0.8651203332308237 0.4283434232674061
0.42033765565531894 -0.1966203839844627
-0.8561928610813736 0.677378521600588
0.4969587576188103 0.8686746235072558
-0.23751894185644973 0.34164808500898336
0.14571471237291256 0.47407214676974657
0.9043579869990617 -0.12304373896835748
-0.41500121233411025 0.35414252616898906
-0.46390644898442107 -0.13216807506988124
0.8809730022166408 -0.5943077948421961
0.19919221145262397 -0.4670818514289577
-0.41736176221304777 0.737184182234187
0.4073248756550112 0.8135330189159047
0.30111789878421635 -0.3034026916738348
-0.7095365799710539 0.779880851260649
0.7384360114410791 0.6495606406954483
0.025080584816646788 -0.5279245823893071
0.3416676591175999 0.26649621310090105
-0.9236928982306525 -0.06362193810753733
-0.1722908873306126 0.41989598409534135
-0.7343054844049229 0.5992292647575849
-0.7116584145794376 -0.7985556129513449
-0.3189391096883108 -0.8503054837132131
-0.5409293877906457 -0.07309231511073172
0.012143827803654944 -0.9911543976492064
0.4020984296646269 0.3367188259192358
-0.05401693422811153 0.9560401257247498
0.17469141728069013 -0.488946592926026
0.5127173002579212 -0.8298753912765577
0.3959456195182373 -0.8628223726251748
-0.1594184423731105 -0.3845524075458945
-0.07116431354963244 -0.4978876298203997
0.3296601264681594 -0.307913949607569
0.09238939589295916 -0.985931679486235
-0.34385767745071044 -0.3912736826631167
0.9196554850136024 0.30667886287490714
-0.548331477042802 -0.17314155925341607
-1.0180974281685395 -0.01847932833577877
-0.8218197803743492 -0.6345971783377846
0.46993874495906585 -0.3009765415680899
-0.04087254317748548 0.5204147695652042
1.0268813505201562 -0.13078020853287264
-0.056502608219343074 -0.5440310664429115
0.23636655065300524 0.40981460134501435
0.08318027867082316 0.9481359379825062
0.7915637472494429 0.5428741421484733
0.08552482828820153 -0.48061318125010866
0.04356659446916819 -0.51368439234351
0.3894131821316714 0.9407417318283846
0.10465387623583074 -0.4948964762533112
-0.7012795180149167 -0.5881259739251196
-0.011229510693319678 0.516307003540478
0.8711323583853683 0.5066645664237444
-0.939152190579963 0.054334806696642965
-0.8788081446596991 0.6582391153315769
-0.5437684025440894 0.04390625682406371
-0.4643170278241648 -0.19179835088572017
0.15850857041818966 -0.43794866672449184
0.8119202488465989 0.5550676238548091
0.9463279051107413 0.2020766900876848
0.43782049143710744 0.27398678936138426
-0.42504518039522854 -0.22403026924563174
-0.7621485769138568 -0.4477448619102105
-0.4111741770412487 -0.30914179109083495
0.1804903224496727 0.5665632882339731
0.9576115903949942 -0.4128424280291012
0.009705318172204339 1.0400682669347474
-0.32403207482739216 -0.38107753541872585
0.47224243247416375 -0.048091912537705374
-0.6113068906294613 0.7423336315233058
-0.8451294155115583 -0.6093021607446859
-0.45864282571700477 -0.44260581198381366
0.027254745495834273 1.0141671274356452
0.2778511831557898 0.46970362924755055
-0.43631558732259945 0.18867976727241936
0.7112761686985852 0.6081263107589603
-0.05784551923939408 0.41820843208914066
0.27989648104447595 0.37116664662292953
0.006400807190100372 -1.0751127790316266
0.02983600479940377 0.5075779024809229
-0.6461638018489994 0.7289858553137943
0.2559292788112105 -0.5068837647903327
-0.46440246790984946 -0.22301784060419286
0.4640233881554705 0.33068485820505816
-0.12466077687000214 -0.9310776077370477
-0.7002548898438169 0.5061336992098623
-0.19862759467085658 0.5494732987863582
0.43561219431181264 0.2708709765747305
-0.21573324969970994 -0.47386993847672465
0.6189458122991908 -0.7805991482161546
0.07172153269925503 -0.5717432094246335
-0.7125803850757462 0.6474484351197491
-0.37563658594668276 -0.31193516066631977
-0.9248020420945402 -0.23762189879003565
-0.12818599597550326 0.5773544886144022
-0.40598544208645415 -0.161837930601936
0.17283435243522915 -0.3792944683959293
0.4271403090864875 0.923612486655712
-0.43470266220436327 -0.9171612800916683
0.34249607728323656 0.4637658880495481
-0.4835775862886029 0.9384732925642207
0.33709869271511683 -0.4798316554860597
-0.2130378833544525 0.36356134591418376
0.7091246115959187 -0.8156974023049328
-0.5699140711643922 -0.874881221226772
-1.0165330084504645 -0.12097306720213212
-0.00463523059117309 0.9795281173495616
0.42484137590172716 0.15447095641923173
-0.5766302783762611 -0.8023404815872088
-0.32730041577225827 -0.20724867640624922
0.14191775084156172 0.9838332621498206
0.7924388499600211 -0.4954262510341961
-0.3072345886201707 -0.3372430217531188
-0.3218325542543745 0.4090273853226312
-0.8146714570574509 0.6925088159901025
0.5933993746591465 -0.6709989103965814
0.2510030402596445 -0.9462286736382856
0.8194418081693604 0.5382297794415023
-0.4739409284517802 -0.04764151862622745
-0.45719284001014315 -0.2523040279380721
-0.08633411289307553 0.4642941725823042
-0.3560248423665421 -0.3806380942988778
-0.27965363156523254 0.3414725300268671
0.7466355484453024 -0.7269881516413218
-0.046206312414114555 0.5166645821498351
0.44496647077633145 -0.1572957719239694
-0.999527575144295 -0.3970326863142644
-0.18288528447165964 -0.5683552130415109
-0.5869258119214812 -0.033427600233911586
0.3177569232732322 -0.94866656340306
-0.9758782397439489 -0.21032970717766047
-0.645701279265536 -0.6623936162184159
-1.037854712116898 0.09021377290081806
0.5338482268952112 0.7487177888416401
0.16705514885731032 -0.9318969867358808
-0.2651111118438037 -0.383077468526951
-0.5027516202536356 -0.027411761116039903
-0.5598355462852428 0.8157835998057522
0.11614892725411743 1.0092098619318075
0.8757167539477815 -0.48710507158649
-0.8635202609050886 0.4735085128147391
-0.05042545904159434 -1.0227513120799363
0.9634846742525459 0.5382745156097053
-1.0089177075499869 0.07165893121446024
0.36469760950030655 -0.2733438769187153
0.1430469076344683 -0.4632920608621205
0.49194642957075874 -0.8608128837491847
-0.29485029790285877 0.3801099592597337
-0.04883316598101469 0.4679443740800423
-0.31116307591338843 -0.44400807469156317
0.3817112433508645 -0.27019672001927825
-0.33997077811456317 0.3126063826193203
0.47357578881347584 0.03245636331729647
-0.9257841920704919 0.5864576093885837
-0.9263625909886042 -0.593133498045822
-0.2430454595265445 0.46769366509373167
-0.32850811823208537 -0.4114101263197687
-0.458209480341318 -0.24825104421753
0.6524826369690361 0.8068278036848849
-0.48607007624510556 0.2177043928345968
-0.5418385521326494 0.0806364297376044
-0.06680052468459813 0.4908118286195518
-0.8749286889739265 0.5767821948809738
0.590150477294526 0.8209981900794223
-0.6161799799367401 0.7473825908194626
-0.20760987097137784 0.45055241386741546
-0.7861846810406506 0.6691996420328827
0.8513191826828898 0.43031378132119136
-0.13701636725806945 0.47016642289962046
0.21955253812733347 0.9698626317252365
-1.0949750830232963 -0.0032741905710223125
-0.6236928103217865 0.8647634949890364
0.8346154814639227 0.5968592934269458
0.46401951738665576 0.13453458429576448
1.0123617311715973 -0.2970427927867607
0.5964756134494746 0.7914957995170664
0.2544647299689973 0.44498375817836067
0.0004134420387854054 -0.522899793121562
-0.465526788832881 0.03471082790473796
0.5771756865522709 -0.0018447470586194035
-0.006014444352061776 1.0505503696336478
0.17094563330824966 0.9569112389757862
0.120696818143477 -0.5130067340863819
-0.5320840406940135 0.7886614083096779
0.6871621210800122 0.7750761939578693
-0.890346118657826 -0.5544131767821693
0.4145444825085239 0.07521609225871513
-0.4728274253835365 0.8820727363421557
0.4775202486257576 0.19075293842403984
0.023128518329623794 -0.5020473950531257
0.2731107676548359 1.00212124306569
0.09318686080884592 0.979397532790305
0.43189700289022037 0.869855310324277
0.49609982048821716 0.0931596948300091
-0.7362589052970598 0.7256682061583004
0.9621008962614508 -0.2372884300209541
0.45211640687354315 -0.31071031003386773
-0.6025980139976217 -0.8366828295588135
-0.09835384589633686 -0.44099825832898343
0.3249364744442222 -0.2823026205117407
-0.49161653507821323 0.8455642177703911
-0.9045763164864701 -0.6589440491356187
0.5327375146173283 0.0940337172198372
-0.04415062812887698 1.1096950752940697
0.45387109299836903 0.25145222574056597
0.3889823146150949 -0.12370120487779826
-0.9571191616576046 -0.2900606309565825
0.3056757346450258 0.38141597736657956
0.00026523407180159553 0.509686928690349
0.7814404056723703 0.5551174297048164
-0.46183812496703075 0.10002735572547512
0.5100199170500652 -0.20314456618545043
-0.6781959082626291 -0.8314302230836449
-0.4714830811447549 -0.8657108677281304
0.955423865013169 0.09871135061435678
0.6706501075652747 -0.6607814977800445
0.06895121806984877 1.064250186775184
0.937669126418594 0.31967580756326697
0.13552466064980237 0.5190174854401037
0.8661744371886865 -0.5068349608105575
-0.915155335496928 0.43461497040056196
-0.2776267446448053 -0.8805717304022643
-0.22663840556252857 0.48599747334258026
-0.3596549956241914 0.1711960968556711
0.449378559323104 -0.8555299984245492
-0.3218815046002401 0.8740784811820781
0.41790596421188475 0.911337855877645
-0.1674313439225924 1.0164958902842434
0.9336282807372558 -0.47815441435491424
0.30684006861608004 -0.47859737581343736
0.0660473051107243 0.528109547760205
-0.5860361812289873 0.8627959841405582
-0.4354373654004082 0.976288837543601
0.49851496006225754 -0.0218549361622902
0.9529455032782166 -0.39535491423740604
0.12528657717477518 -0.46049151687873613
0.43910353959384446 0.8503161361469007
-0.7879798866575131 0.40342998123178453
0.13392037329957443 0.9167266365544042
1.0697064909622203 0.047037739100652176
0.01144453875042338 -0.5163419402207182
0.3935574160128839 0.3371236328163678
0.8912695118217039 0.4000127795181179
-0.46858658587148433 -0.06368231338024777
-0.2653325887691697 -0.44992211699782425
0.6242082027200917 -0.8022938846248715
-0.11377879220192845 -0.4944112937073689
-0.15848177075363842 -0.4753122215659868
-0.29269759901376713 0.9574408305126327
0.36739538669128363 -0.28964082580796774
-0.17630031071779553 -0.3642980159779628
0.5217139991430293 -0.16592298647074646
0.393612022846078 -0.29806756665678746
0.04630913175078717 0.42634641618219604
-1.037265964881303 0.05428440429175484
0.8696309030643186 0.43198731327451134
-1.0619621959679855 -0.08253497532885402
0.4633656896906263 0.25363481553660683
-0.8911573861251005 -0.24082287005189654
0.42686549417423636 0.9346944597656792
0.7843415647031016 0.6810513483743268
0.6600086515935774 0.613164029036991
-0.25972879291680656 1.008071806597933
0.4110346984807207 0.2106639635978544
0.4085219619602658 0.1788225774456056
-0.6033381832379602 -0.8204927585686094
0.1037499354445996 -0.9362240468647659
-0.18232673882981582 -0.454199090849047
-0.38510194859905333 0.19727104990772099
-0.7103926719201397 -0.6341544033230136
-0.30195379261361077 -0.37207264815017826
-0.3405584752619242 -0.4155861041842449
-0.8498987025578592 0.46354919521506033
-0.5760628068380443 -0.7260408487163629
0.4841686004520719 -0.1339215431263075
-0.24001597803161182 1.011521480027816
0.1504273848181507 -0.5351120726954106
0.16136642619722033 0.5576537104109722
-0.46298769973492526 0.8897034287406954
0.4788835542714685 -0.07204848159872301
0.33899228406400517 -0.21983998900377755
0.49679083889344894 0.07720647787190398
0.9908326777621347 0.2784407169068797
-0.027616757470281472 -0.9387431953170098
-0.4232232022660179 0.06888170382863112
-0.0657718471374143 -1.047133383398617
-1.016309002829659 0.18057270339436304
0.5121849822934214 -0.06084862512066501
-0.35146006772610516 -0.21099058628752546
0.4812566575417573 -0.0462478557113037
-0.3478719939897002 -0.3797077738484106
-0.8848971618488488 0.5068228607211414
-0.5347135483745417 0.8805765580771451
-0.49956925076566316 -0.839372422931725
-0.6062070694586186 0.833456281507121
-0.9304569942822618 0.2972926239813226
-0.19238483939757361 0.42087473007085086
0.46694157637252603 0.0987994111677691
0.4265259807267757 -0.32555294310862243
-0.3166625895160127 0.20799372416313955
0.23429806315791513 0.4012690199138808
0.49530262843293543 -0.2211172450703101
0.009671669724263506 -1.0181049613526798
0.6286177847591669 0.7309312236299177
-1.0201389686716407 0.3409371722038619
0.1431294193877747 0.4181818562068943
-0.35298323304619994 -0.9727123069776424
0.2812552915498665 0.45045616612461
-0.1871545279203679 -0.5041117127161933
0.414478287700717 -1.0459216797149822
0.4085731889720178 0.37495266740379657
0.9771606789627947 -0.33436999218209706
0.5012652594151686 0.0008075749976818106
0.03468068788244978 -0.5197184266698938
-0.8366261102512046 0.628212909184838
0.5603643717209247 -0.17124823255344987
-0.2974962772123414 -0.3603027644516806
0.264514487222932 0.415943617108327
0.35811206632547016 -0.4512305625696685
-0.04968913945028325 0.5118488197107111
-0.1572153508765188 -0.3931899036415319
1.0237096527972738 0.1124624530339839
-0.1928979457783198 0.4797889148877769
0.04758515041910554 -0.9651704193165728
-0.8472273990642971 0.6588418710887376
-0.008229736599020578 1.0207306759045633
-0.10393487340452813 0.5093996555529053
-0.3791358931072331 -0.007155458083969113
0.4819055492455567 0.2564160308401383
-0.43815299642493194 -0.8577220359833251
0.44103813887160526 -0.154482300428401
-0.49652915302036454 -0.05142106000667232
-0.3477795635951671 0.3704373461449292
0.3015213963262158 0.39557603767006555
0.7728811881519746 -0.783722395591582
-0.8174677165738808 -0.6104108306286053
-0.3053035813964938 0.2852378041595891
-0.33429909414526954 -0.5217233377780989
-0.7201835296541652 -0.6819291947207394
0.869600486166091 -0.559715020356881
0.5878117641212116 -0.7509648514515002
0.1795848896534514 0.37440510453061626
-0.09906814439474337 0.5741727153901218
-0.29290674022618396 -1.0197962357205825
0.1346883126959518 -0.43807187737621234
-0.47809749517473604 -0.17144043254883518
-0.4417757575809712 -0.9183226480030271
0.5438210678410467 -0.17753475113589043
-0.4173517757051939 0.8852279322158307
-0.3963218793268354 -0.33263791247080976
0.06077058949894995 -0.3889805587271348
0.20021248036151867 0.45630473189721293
-0.1717696444102753 -0.5369066563012702
-0.6909057564555101 -0.6763303657912938
-0.0031579481930197467 -0.4425922821768556
0.6965964041615095 0.6848966279869
0.5361469448230592 0.0026580526856811587
0.465751887545899 0.28663841185161276
0.6353240251514422 -0.7828196662747926
0.1346590233911671 -1.02556893280799
-0.7535307475253209 -0.517554261532088
0.4281852873298061 -0.07395221434411477
0.162604518662542 0.4011433967800441
-0.23061445805703495 -0.43502715310434376
-0.9655699010647262 0.5901278146628508
0.7658565834213938 0.523660081577721
-0.041659535671567494 0.5239316904524837
-0.4114999482078043 -0.24067928362991645
-0.05706425137657023 -1.0349418882676682
-0.5691330669173712 0.9178799496455472
0.12831286040929804 -0.49097755191615267
-0.34084021665062425 -0.4470718952359486
0.4614984767811882 -0.8726540998503262
0.48722289774664734 -0.8893939407311382
0.0657870234805242 0.5219974439365024
0.3477029655578654 -0.47258845071453315
0.8949973569622707 -0.3759732466539143
-0.26942450116491706 0.4295724643074082
-0.03084590272440396 -0.5350096779175996
0.28454997536867943 -0.3844779669498715
-0.02483974402783421 0.4857309580466093
-0.4030683638415399 0.11574138969885193
-0.019168605046268165 -0.5600310948106296
-0.5073903962278195 -0.7794442727108122
0.8354718906628061 0.6285995487379631
0.367953949892817 -0.9842996897607655
1.0077282004307564 -0.040405527101518735
0.4377280470195973 0.2595603528096425
-0.3562424546519345 0.36568246777483226
0.38872358430851256 -0.3968904474172475
-0.8987800513435641 0.30748250198659244
0.42245265179585206 0.16777466180634662
-0.43388470594353123 0.26160667467559584
0.02488007602313242 0.5867518898278936
-0.8078441489298493 -0.47878034783377843
-0.48466899763735016 0.38763114224792355
-0.408726973949976 0.09544777478678065
-0.3632727866442504 0.29669159079238794
0.08628129734358964 0.5156858338752296
-1.0457483062043142 0.11014272733079272
-0.28705235050606376 -0.9077971494211226
-0.6395356029491372 0.6701989012889482
0.9420999163548115 -0.1003390975978428
0.1970272344795339 0.4146498153416607
-0.36197644410934593 -0.20166471347759324
-0.7889433712028083 0.5954883595819928
-0.9218295708015865 0.44404771877797095
-0.5914430533580348 0.05457787369336245
-0.11491910382120973 -0.4963234382285002
0.3469079158801981 0.4139407030645826
0.4820937861865951 0.9241314885008517
-0.33413908063366277 -0.9490680608938266
0.3919838250357832 -0.9067215868344878
-0.8962572838031758 0.39353350601239234
-0.4811027395194351 0.013623662443904996
0.35221740296383686 0.3430845295954337
-0.08062839582267226 -0.41010343629541574
-0.19827216862872282 -0.9522068599144701
-0.2546310931590148 0.9609918296101405
-0.46526000416262797 0.05315863389241954
0.32826005997072855 0.302127682392396
-0.49395574459171643 -0.16063647984381002
-0.6628185306475333 -0.7533474888612292
-0.039089348011469634 -0.9264284131261654
-0.9714880449661326 0.04336069651354315
0.4107835729153071 0.2707991228873258
0.2793821141865227 0.28160582169170856
-0.35141203246987934 -1.0143507986477105
-0.4875002451811311 -0.0011966441784302846
0.9489220073709155 -0.023501215832750152
-0.39552263253333764 0.29608665629885433
0.13572446866626714 0.4351414550587941
0.9395356570654393 -0.4612779590704999
0.3454174529069203 0.29185712934826646
-0.24255956616638102 -0.35826385431377433
-0.4681667298225936 -0.3292513840505541
0.016897807785624386 0.5393426428436914
-0.3607817666178217 -0.29644675816970156
-0.4540272992460224 0.9124490552467249
0.8340275112625872 0.5705448458570416
-0.2005798162525108 0.37561120353518956
0.26578303461124736 0.9720029491748502
0.2411996978622119 0.3883297262009561
0.568587637511507 -0.8239105381235414
-0.025814184524457932 1.0345546744438885
0.45596785958333325 -0.12444169972788706
-0.326890455339013 -0.3611659357613251
0.13035803609288563 -0.5044210612376722
-0.5062691645059565 -0.08829797191580827
-0.14653814947968688 -0.5031083443936664
0.029860878967954883 0.4433168598586376
-0.64097900297577 0.774284655934746
-0.07105618949519149 1.0310248040297212
-0.044802533025945876 -1.080683497233625
0.95216437273982 0.23408178641278238
0.5647446190827689 -0.8562870232311002
-0.38491358484825455 -0.18061508161629178
-0.4408957075564744 0.12009724028132829
0.28397497282052103 -0.49461392421533223
-0.3760841797726812 -0.872013519418175
-0.4338803481291271 -0.06847143464367812
0.11659383133550318 -0.46601803116416884
1.097124827508103 0.06766752694140554
0.6748697843013173 0.6947824889227346
0.5251533672683076 -0.8998714966264956
-0.6863254014761979 0.8189789475286179
-0.25757622602297947 0.9267059986952383
-0.3011962003590974 -0.9722927993841517
0.5664102265836906 0.14699216857001957
-0.02714914433752262 -0.5292741668260412
0.5290004222871967 0.05138969303979983
-0.6663988296116262 0.7900777275751357
-0.005598010811290605 -0.45798623488788764
-0.2690413194901939 -0.38222219227985915
0.04652483288343503 0.3871776245375476
0.1280454521404521 0.955150580707941
-0.38358719578800915 0.21436722038557043
-0.20304622416260246 0.5275283075497048
-0.5216665620041158 0.7932772090142508
-0.48093581172686956 0.23018081298192178
-0.1546449560805509 -0.506628781334352
-0.8092776017031116 -0.5935805709655724
-0.46473855288372923 0.19537211533660567
0.5032173178689073 -0.18388257055385174
-0.8956242918700794 0.2420858425650796
0.9444820946371996 0.4641571448428827
1.051892472496655 -0.022236035696587123
-0.4845474546481792 0.327955807851857
0.0522218582406962 1.0629093416079658
-0.5457528283855686 -0.7959616852967994
0.8021645934265087 0.6145751372438426
0.5203482873032734 -0.10125342183728579
-0.4977006274880218 -0.26383938202631907
-0.18883370651335254 -0.3872499828186003
-0.8588618849542049 -0.4148158818813415
0.6160336031946855 0.6928650690667693
-0.11005682423894919 0.47280333392461016
0.49491637232818375 -0.0037476533470536186
-0.053794607851317504 -0.541282879921289
-0.3945247618506241 -0.29529485587008447
-0.20853116112150263 -0.4984531955703547
0.662818316395327 -0.8166140720288485
-0.4165856314168559 -0.8986688067390228
0.6516671530041935 0.7535148374058506
0.4944072025519375 0.04803111543752673
-0.3426388414676052 -0.405302652236003
0.9280736592834425 0.05914071494759639
-1.0758313794632879 0.04341934637909088
0.560237249606897 -0.8364710997461277
0.8959680905274359 -0.3950419130627277
-0.7185833067055438 -0.7474366188353857
0.10499891338439314 -0.570581892931553
0.8663407130020274 -0.38728620355815563
-0.30864705569267015 -0.4404481816088922
0.34996564902309235 -0.48146837875910026
-0.8559962419215094 0.5144882465689917
0.5191464515950421 -0.13429962156622632
-0.591904738151373 0.9072116637145808
-0.27649448037046226 0.34413047441221634
0.5623325278316829 0.7475108148919638
-0.6373541050000574 0.8315963550742775
-0.40370769341441765 0.9721485404233596
0.11790729544151105 -0.5036952422203961
-0.8400765380644061 -0.5415482853584992
-0.3986897499538049 -0.2791215749161454
-0.1798239629784168 1.048441816127748
-0.12460848623146092 -0.3985142361622629
0.41211383194669104 -0.19584767703247483
0.35563442023957353 0.1139512807481263
-0.7585124553481563 0.5920703568931429
-0.586604225206131 -0.07260584039879306
-0.9225869824014011 0.192180225088271
-0.42408165317992436 0.09761151795795633
0.049977434759938114 0.4987668942369123
-1.0274378716456323 -0.02024078998188716
-0.9803173726686877 -0.17013127628910946
0.4893045864368461 0.09135863201904436
0.8659837238641973 -0.5633939952454715
-0.45289994679932616 -0.3243089162591764
-1.046360248594462 -0.36934807544257076
0.1729968844166779 -0.4562691963216662
-0.2243520519667655 0.43179905422576054
-0.36288690996145334 -0.40482156179145334
0.3905361288280446 0.38831827657869744
0.8723199442771918 -0.3287952781170637
0.5268154841051201 0.9367111053681993
-0.6023171212557112 0.8183701792388233
0.9807524042690331 0.3067287554839336
0.48803764029620894 0.2787191929544314
0.34828276016735865 -0.3321771345462035
0.5003976508281637 -0.16856411313042216
-0.521170681385865 0.0017347520067697367
0.03116252095243436 -0.5219795699814672
-0.9262640219315571 0.3904653675514377
0.6014984917824624 -0.8346720889934487
0.2846802034106777 -0.5101607137005958
-0.36183313781872434 -0.2592469986288143
0.17756550575520086 -0.43202146450318824
-0.4506758234689822 -0.08850485837520511
-0.9201962622767155 0.3029249672076803
-0.23472781530421769 0.4963481580507141
-0.3657287614384153 0.24957070556396363
0.24161971194413517 -0.9619253233570708
0.7857113611161357 -0.7368565410086457
0.262793488304318 -0.4543417737748996
0.37012180487083635 -0.8887370064630623
-0.01323299779501647 0.553251660237571
-0.513226792210733 0.2101507784203585
0.52053100921645 0.031764272654959805
-0.9150480843353255 -0.4979838244715563
-0.1700453627610872 0.5009710589957501
0.906528747545291 -0.43495686051986165
-0.5638116234780225 0.823328613052145
-0.27915062180765066 -0.35606457409271297
0.4453001356248211 -0.03157597739711511
0.2836600214277016 0.44743434185980274
-0.9969513262731017 0.23891933675478477
0.007159539561173191 0.39113144168508046
0.18326782507021772 0.42428201974485874
0.42268891133295955 -0.37302931000852846
-0.4428038483728513 -0.15710196141541974
-0.5752040767385422 -0.7801240731325243
-0.8899820425297715 -0.46984214847391503
-0.6461946598652333 -0.8024208457847576
-0.7679754696362446 -0.6406161075362542
0.8134797808521224 -0.6232416401088003
0.33879591675433035 -0.3172037674126136
-0.4773662435648826 -0.2255929576008982
-0.3157581072038181 0.34535526031924757
-0.258084676558005 0.4830900800305734
-0.12598146685408523 0.5488319242937044
-1.0378561781214832 0.29474957284224107
-0.3992129214888078 0.2256822488901712
0.2697336747465996 -0.9791690975492263
-0.29046733894583254 0.990648479279663
0.8904258244888841 -0.4062860465907025
-0.15458228663888313 -0.9599677871128954
-0.20098383591575394 -1.0331229159231334
0.4904329442727268 -0.855949529620233
1.0534014193277974 -0.29824622727782346
0.26190935668744875 0.3773310634796978
-0.26414848827426884 0.41881747646550116
0.3944756608401008 0.09861586857756928
-0.40972097954647024 -0.3436815807234094
-0.854245565409496 0.23737657567016848
-0.7920263669878285 -0.4455922944185862
0.6371044326378033 0.7979499604571354
0.568546466023541 0.8218319365914277
0.3559235468340581 0.2837332429811991
0.01369507954735765 -1.0104885290987944
0.3588916330694388 0.40635422890409784
0.5973327363240013 -0.7377348154325785
0.928768163889536 -0.3766513328652097
-0.26987146770940934 -0.48345493147448393
-0.2121444883773943 0.46872054712144307
0.08474037639172491 0.5214663441644232
0.11288477620205906 0.47488386500747115
-0.6509167424891862 -0.6609143298699163
-0.4140868733141905 -0.19940592439177116
-0.7579030507437117 -0.7243218966669065
0.524192879918168 0.875576774480415
0.7938871920844085 0.6067459765925812
0.5495302398769285 0.11968305854537663
-0.4133239789908539 -0.30339207716007865
-0.6900365037728857 -0.6853085577262037
-0.24890525889597062 -0.4604909124228438
-0.37473023578916437 -0.2107211391620773
-0.44544962195617155 0.8654107732497577
-1.0059520420498065 0.09729116437583926
-1.060736247171087 0.00707695846284663
0.3665787202903497 -0.29624588663679663
-0.42897350487142366 0.17488496892487435
-0.05023629949211971 -0.4695807085716836
0.9039965931601615 0.6561263934282763
0.42300575446524696 -0.9517090223962714
-0.9206530645885279 0.46654610120668083
0.3658107484914653 0.30436971702233917
0.9954406903262735 0.3204322920497644
0.6485695282097845 -0.9151392338757459
0.06089389650943096 -0.5136692643381917
0.9297848544690619 -0.20465610046383848
-0.192666679671902 -1.0250770225983226
-0.3830424538473652 0.23882605279702565
-0.39879508083836596 -0.26773067958028884
0.4648701500143955 -0.1676625343730614
-0.3306388847651419 0.3719452947822345
0.40797152400159026 -0.27415195945943166
-0.3120457866925712 -0.3855230266163571
-0.36622532633313326 0.4360952162555882
0.17897189823766174 -0.9419369222388924
0.7028162083075936 -0.6090814641381337
-0.8242524650239218 -0.35677073614963034
0.4530908128712303 -0.16085391531523563
-0.31511289173159546 0.4175127194213343
0.8527231467656802 0.4318667713101845
-0.9765351540112499 -0.05963684008609822
-0.958926172788687 -0.048709781619024575
-0.6014465017795374 0.8976415462333779
0.2001487800597096 0.9245143735153367
-0.10756829237276112 0.5060050264026957
0.6347820250783383 0.7796486382381073
-0.11107171389270314 0.4898977014854852
0.4330338345827929 0.08630611780558727
0.2851613716451663 0.2627400908406132
0.31386003745258667 -0.9386152226502049
-1.0591202783421338 -0.07751649772154293
0.23813593741084288 -0.4681845857143891
-0.38695539946559077 -0.19622717372195203
0.43954408042370746 0.7838787218848777
0.3692839818831299 -0.8879626238904298
0.4756089393556301 0.854668543403022
-0.3039050852939762 0.3255117105987545
-0.44362471313787744 0.3097475344543988
-0.04601794693830495 -0.46920038597888336
-0.4352466265459836 0.3893211266019032
0.3164576587761378 -0.4084737398592062
0.645432276760051 0.6717654351934224
0.3290973542036714 0.8558349883778126
0.723607271651838 0.7713551226899423
-0.43761220884268603 0.18064390906217537
0.3089553640355078 -0.41415038783020347
-0.10806405177925768 0.5297471450149126
0.796845320592579 -0.6308921701251665
0.3011281111072517 0.9990239139994165
-0.1748167478322014 0.9548277249391198
0.46807714055028043 -0.06494650332021079
0.942768052859767 0.2544545952972353
0.19345763456914705 -1.0151925122017265
0.11408204648370154 1.093095964395765
-0.6315654693021084 -0.7831031757982628
0.9314901306049718 0.1707208789582181
0.3122794069116903 0.46979045998825475
0.48870352324346333 -0.19798061087876972
0.4021997707688231 0.11595313733573538
0.6733987797382788 -0.7573686605862133
-0.5160216189340023 0.8755610243522677
0.48098476563982556 0.25241185223935786
-0.44143101435176785 0.1430672084173757
0.2724141997245685 0.9321869815527841
-0.8636855723450734 0.4617809291074305
-0.07263604839283483 -0.47866667315777095
-0.35471646020925923 0.15624316534932972
0.427791863898807 -0.09742642199597878
0.7465535440681447 -0.7134136315258748
-0.08017881082085254 -1.1424865615366557
0.7567390919272631 -0.5156402901093081
-0.157670062384063 0.9567086339302447
0.7845685883949812 0.42475674439770794
-0.40266065650385297 0.2972036717303317
0.37406176575099714 -0.9483400970173786
-0.9227725868482409 -0.2333552652491474
-0.42663386006085346 -0.30764480891586
-0.4656821981424994 -0.2838510656364206
0.8862413237782922 -0.43091776904735674
0.29043295905620176 -0.4248597172772751
0.21004360608524716 -0.4472234495539952
0.27232713020411825 -0.4687210322182399
0.4901366069685448 -0.9817454337508348
-0.520499802660665 -0.859194706209414
0.0707531209865904 0.4744514895592108
-0.40789982701826993 -0.20448531666942485
0.19348368998137824 -0.4663311709786824
0.4873183383565182 -0.1702322375599659
-0.746173522829012 -0.7686099670918947
-0.2272610201665398 -0.4589053178282076
-0.26608788492899366 -0.41679233450684233
-0.5066989909800031 0.2091560008772407
-0.10867691732025206 -0.5715992526822528
0.27035480397140504 0.4528685408137704
0.2436870125845691 0.9781427818754604
-0.3073533973003417 -0.4379430777937215
0.5645460321906702 0.09274694151105345
0.3142190955746539 -0.46585978339768025
0.3694600952303021 -0.3712375209683017
-0.13899506087052452 -1.0365156914468703
0.5475543642141466 -0.09118677993676652
-0.30754777313155246 -0.892610592178819
0.4996597227180014 0.1793854248068502
0.4843692065798143 -0.26562800646009876
0.03652383462889368 -0.4959705449877429
0.20065628686997367 0.9990339351401567
0.4955559990554736 0.02668247414670384
1.010436759850549 -0.060324727661245095
0.9273344334356265 0.4033133284861001
0.9639787436844792 0.1895096539091856
-0.44125754366795755 0.22260017282769912
0.1648947879067415 0.9540217433489749
0.37355737695135977 -0.8724186033416437
-0.12297049090566176 -0.935705541979692
0.20433074843995042 0.5417061947046464
-0.4284039057577411 0.36787259343557244
0.7556140059397743 0.6029869170844377
0.5374436358630104 0.9167841254025575
0.420154022587998 -0.19675052129255866
0.2701048739205204 0.9105346799527765
-0.4897752417476288 0.0918746951974238
-0.42105748582651714 -0.24974827492381138
-0.15393474888822375 0.9343838726263374
1.0204693111686713 0.23698930451032968
-0.8944184378375719 -0.4095475370344841
0.05065089670160161 -0.4596917829549473
-0.20187393534305148 -0.4757174878823031
-0.9782826645942254 -0.1690533634744394
-0.29856662719932225 0.9301719637244793
-1.0214185561684006 0.134843286591335
-0.34129491836955445 0.476264791752685
0.74421358079571 0.7556551909042888
0.4502026311341882 -0.04041025321975108
-0.5773977364440108 -0.15629752064007882
-0.02083867732645527 0.4789302044582747
0.988272940342422 -0.431713437977339
-0.47840607226458226 -0.8622581817284843
-0.3652837454741603 -0.3942618661911021
-0.5218896459198045 0.16672257815679548
0.3814744660047813 0.4001132960161757
0.8052256423180695 -0.5744452940333409
0.9399413859751985 -0.2637361935273938
-0.4875249049824774 -0.003677273820682031
1.010009921998864 0.09925056408813213
0.3381189329757045 0.3595248781201108
0.6143341760066955 0.7375648250369705
0.8649515504186751 -0.35983229240788805
0.21744930550033278 0.45032791998460797
-0.5070277217437785 -0.15820325856176742
-0.3138309751960363 -0.9667687350016158
0.5391710556094713 -0.8424014199473558
-0.2916666548841815 -0.33855163942725797
0.7330267218764674 -0.6019536201510364
-0.4575506960957664 0.059795773926404096
-0.7622566630849497 -0.5726192852681676
0.5014481650091125 0.05398899433005688
0.6287344635997411 0.755968099358032
-0.0993242026654141 -0.9699665781167989
-0.12211637511098787 0.415190767949764
0.5483581940029131 -0.03621206417521897
-0.3997836242464677 0.8595632381659025
0.4737236710045712 0.9997731036098444
-0.14864827734881403 0.48248260242731966
-0.9032160886168686 0.32300144786064905
-0.4435357606442864 0.2472333897686722
-0.8218338234181692 -0.6869401284523725
0.4461713482490238 0.20012860276785913
-0.3371478140607037 0.3240355874168457
-0.22718021239626374 0.9329127184451559
-0.1559014325906926 0.41216822136354125
0.026519436815309123 0.5283983011602258
0.8030731064030002 0.4971889938955746
-0.5796682991400903 -0.0928967007525286
0.37891731672742324 -0.4133192050242624
-0.6214176286679108 -0.7510338543977436
-0.14893094204083557 0.45984444507843414
-0.20956132875270883 0.9344765303076549
-0.44121562176071916 -0.32035492976106084
-0.9922507880876499 0.016605683415751984
-0.9663054285574236 0.3271392717708718
0.166209927307085 0.4906241968635846
-0.4034580101374203 0.22684273258720888
0.3534972173215229 -0.3401677108654027
0.2703774297128734 0.4958658242963484
-0.11022893025205208 1.034371367793745
0.25400781441702136 -0.9449647585167851
0.2803040846190099 0.38517114910834044
0.1793026575195973 0.5623498746081849
0.9336315711851506 0.19191027074956343
0.41824507501245684 0.26498757848081433
-0.4563611290192366 0.9257967354622613
0.07012869809819577 -1.0890376490423996
1.0427073579046429 0.15083409022848548
0.7200996181783403 -0.699510828532088
0.478049944434117 0.20044413910902706
0.8799851057826688 0.507874438407386
0.13747630987265433 -0.9206817452608014
0.5023263205626383 0.31692592879804776
0.45512698690325326 -0.13492417484229308
0.5021800368984227 0.24110419299795008
0.526716675094664 0.29927464994399744
0.13107849809501998 -1.0227264724310947
-0.542941735358157 0.1910440126078927
-0.9611304066734984 -0.47682321693132934
0.25976597866279977 1.0310933100088207
0.18684799601239932 0.5034144406894933
-0.034216457009386254 -1.000840107309102
-0.8834879154448179 -0.5803367303033968
0.8223562571487384 0.678703379253261
-0.07188106798650348 -1.0086659901523818
0.8525635816580405 -0.38559968531377964
-0.3257072132647094 -0.23552971965164085
0.896791499511508 0.5847235371369957
-0.7160643377820812 0.7245494428532849
0.6734160429742172 0.7043943764219958
-0.16410869778234433 -0.44190364277205857
0.9920603793994796 0.06391834487285755
-0.5079597521372976 0.3644057687038341
0.43903678554855674 -0.29954185483698553
-1.0142306419518834 -0.35197700838434226
-0.7361510565292692 0.7107468733943821
-0.4981071469398128 -0.1483994828201234
-0.8114302452655175 0.7076208424264498
0.3155026164134282 0.9804069304373801
0.9238156111321173 -0.44303773518705447
-0.5921712964311504 0.7838064271625989
1.0086003924582427 -0.18945071712722655
-0.5056321806446115 -0.2058390156883145
-0.3476089643195076 -0.27308925819289953
-0.7835895639560617 0.6658376502902387
0.4171396433454471 -0.9889028666454962
-0.23970807625835633 0.358287572571352
-0.09841019945867058 -0.4779293983701442
-0.0005020345998903511 0.963030037536181
-0.3952498316708936 -0.3805824474548499
0.11126568036594359 0.4375728960155619
0.38572010680111474 0.3644893436429132
-0.45126634235725765 0.06963824605335295
-0.15313637232998603 -0.4131229776889581
0.4522516997193651 0.8713502736695905
-0.2947761861789955 -0.29125119350050555
-0.19095541496770657 0.45468207369155056
-0.8794297946422969 -0.3438905382870966
0.34699725072280746 -0.3610969286398669
-0.7095863998084293 0.7488259020455051
0.8421631871784566 -0.5419581665442484
-0.18952720928659927 -0.9673655635068683
0.332933106795373 -1.013330472652832
1.0124503533222433 -0.30633027810127056
-0.019894163572666188 0.49257550186224086
-0.269182448786737 -0.4893628026775993
0.242298949322869 0.40369680953027093
0.40712763396060603 -0.40569167715097837
0.13414700275482655 0.44905924022670296
0.7378974247610247 -0.8046564483161189
1.0053268741616037 -0.11517957178213302
0.35142688038021674 0.42238465021020927
0.5599657480856549 -0.20805598259894365
0.42348814530430684 0.1887720510974227
0.9873904407615178 -0.3299673583831678
0.19765223522988 -0.9270879404109476
-0.46279254267112674 0.9567512710009628
0.3197239767471242 0.9078683195092265
0.8293719409966541 0.47825862920829143
-0.6542479227298061 -0.6947124095726015
0.8711283907333985 -0.5774081258958866
-0.4181964863776776 -0.2959157827849197
-0.6873794726335575 -0.6614745579732976
-0.8049357348001432 0.5837344825997859
0.7809686849162909 0.5371695182563462
0.434237866403276 0.300392292950753
-0.9873785888313547 0.41534800839035396
0.14565841015541808 -0.9808278623043676
0.3596618736925124 0.3561849813441666
0.385368838822294 -0.3066117357108028
-0.3261544962851573 0.9846481787753166
0.9218419555455057 0.3027187203366519
-0.3483303522841713 0.4114153816476027
-0.0029430151315420275 1.0235826933129435
0.7035403948506033 -0.6641099220462446
0.49442927424857785 -0.10676934000838953
-0.4132532854516283 0.11680005084978283
0.5114306024873408 0.1314854193175897
-0.29085394415916976 -0.30763024473263084
-0.7645146450819977 0.7158530405323467
-0.44126120932391044 0.8920082859352164
-0.06023569472715558 0.9750663120507906
0.026240411915464452 -0.9230571511006084
-0.4791197080972261 -0.09981061803828542
-0.445565763252666 -0.07519279945708357
0.32706308946252605 -0.16088554195973337
0.417181893072034 0.25899747730453515
0.5001381489585124 -0.26599552537005366
0.6157470986376926 0.6768157510929983
0.3160516931623448 -1.0312233624243978
1.0173773124552248 0.20463464315671626
0.1483677489229049 0.4931010721285328
0.6715692218828534 -0.6911280299123569
-0.4950665194538944 0.09198144715620012
-0.9914776431497384 0.020567441393704394
-0.4227681337770253 -0.8882784549531181
0.6053104505737609 0.8934339833873952
-0.018651860098492214 0.9812852667120405
-0.24175531217157953 -1.008064798599806
-1.011552678730741 -0.23700502902031972
-0.9848663912767297 -0.2423971382230795
-0.6652753389795055 -0.8295939673331717
-0.2669856659230303 -0.8551424710834391
-0.11006567263402454 0.5112175645269126
-0.10305119556582165 0.48797127783037403
-0.8269793690184546 0.5008070939040883
0.9103267706958058 -0.5202713241137569
0.2530657208110751 0.47009179006227747
-0.6085985699207029 -0.8846103992356997
0.3590882591229817 -0.8856793135139684
0.5094770891491155 -0.15667120456093253
0.2116560278471006 0.4804859840094255
0.7541811068307916 0.6136676208812105
0.6324097025203065 -0.7652112560686868
-0.962577350603767 0.2949633978521172
-0.5454904249786562 0.215475495678974
0.35519997355151983 -0.28400167104909296
-0.0662508471837669 -0.411575945803502
-0.05963005087813811 -0.9913318345233303
0.947995893596256 -0.1804933181025274
0.6837348793912887 0.6291032845820788
0.5603324147043862 -0.21223954182741878
0.22295707241174645 -1.0832401365640174
1.0214660595321976 0.43625151235756865
0.6076974792307114 -0.7650976494059453
-1.0017668810104863 -0.2091449523331488
-0.16508063557798305 -0.5106680480032014
0.5058185991734 -0.8177628858301962
-0.3184345527337417 -0.3048658943910577
0.471050761003602 0.9088567426493933
0.8697636229458601 0.48294453292688716
-1.0259421391514567 -0.3430992611135572
-0.5789889203792642 0.009824236752548995
-0.15441679592934582 -0.9097009275004253
-0.40543556380884804 0.9210671727460146
-0.38045735656462465 0.21083108523002175
-0.8023701310198271 -0.6962839736593028
-0.5556700384664052 -0.015903352561145875
0.44711128460323224 0.24005534676199394
-0.7817701902666645 -0.573532418660792
0.32831952973237877 -0.4949213449637029
-0.013449456054591094 -0.6141553901528957
-0.1762616202070234 1.0432021682295474
-0.00015805068778474915 -0.4669881298818171
0.48681364706797736 0.11480124686106052
-0.44644990252644656 0.4319613049015648
-0.03542747834634209 -0.5622304547341288
-0.016590141565019034 -0.9700125188418521
0.5035752549013958 -0.8749011979766518
0.1776907472314965 0.46020319976662005
-0.3287083859479561 -0.3737537298241731
-0.9017761950593988 -0.4267882907491719
-0.363434780390322 -0.8171954854051942
