-1.1405581553692805 0.2925688509140226
-10.757926882779946 -6.0358072395554165
1.8823725968611493 0.23750143166510995
1.689026364123898 1.2627880421879294
-3.5470277400323393 0.10838174658618296
1.0005399232178522 -0.14353319449081148
-8.68146032668713 -3.9090986043090696
-9.571824405935475 -5.443755632005579
-1.032683323071434 0.6442387539940666
2.376621917450475 -0.07876645785089842
-6.409376654215498 1.5532999113513621
1.5280358912601526 0.46252196115880395
-2.9708196953917114 1.2183727854435613
1.4181109730187131 1.3239313736275113
1.9713758619789303 1.5391609721223334
1.5573433131110008 -0.304866842723992
2.580170922037298 0.6914441133316926
-9.614597138339844 -4.918487163969653
-5.032812174041419 0.7604342568962419
-5.0470568201637285 5.046888188711835
1.8066358127842714 1.0301385999877244
-1.7122059885698757 2.235403609850281
0.9399010421157461 -0.7258329521471907
2.193565323112427 -0.11949847412424353
-9.995125917581278 -5.9048039251762185
-4.7453464970398604 0.0351342739216393
1.6381254095069344 -0.5283492150042826
1.4409034965412995 0.838750940490745
2.33545996007107 -0.1327649680130304
1.9430604024610747 0.46256717362290345
-5.657554064508361 -0.9493176404221735
-9.745672782015566 -6.684091091125792
1.1969762916988307 0.4549845442538565
-9.609525689436698 -5.66737909406462
-8.540862210992325 -4.705443774721997
-9.19723160906325 -6.1691216021527175
-6.8565236563198315 -1.2547978359734429
-7.361718975550113 -4.788827351831398
-6.735170607785621 1.374728489559639
-2.701167750380712 0.5480456055367057
2.631494124931568 0.22589448113665556
-5.291688256283545 -0.7318884452959512
-4.30236558277276 0.6444235484339002
-2.843339779395082 0.8885566683116983
-8.391596650437368 -5.541852484920653
1.628217303262878 0.286511086889121
-9.985752104328673 -3.9811037463443704
-4.1232494222311535 0.3696306599469251
-8.956157482333516 -5.167578430563457
-6.577189619051575 2.011051969544763
1.6605430307245912 0.30707305742384894
-9.641833691293668 -6.625689978886216
-2.189258221441755 -0.14535515529850787
2.0743230671245443 -0.04686062211261033
-7.511483818043761 -6.000510457950853
-8.405901057585934 -4.79557027150421
1.8685524294827418 0.19304268817008768
-0.08963470751546332 4.4112414538803595
-11.510236350280888 -4.162843213812081
2.361535666756989 -0.19043268256709944
-6.150447668490874 -0.8041713706325233
-3.5532054348576056 -1.2602861779421581
2.0396535220044356 0.24438234574421686
1.4706227164421302 1.0499268683950058
2.017020809413845 0.010500883895859847
-6.56599460472743 2.4358972357521926
-10.078299132399927 -5.660770193985773
-7.693198774684038 -5.162044072814131
1.6236678618384657 1.339568589791138
-6.363134414096722 3.8533366797927067
-8.65588573346741 -4.696329894434855
-9.772313637070488 -5.692617801020432
-8.177601403929728 -5.247909654632975
1.7254179175651263 -0.24992578917662656
-2.9505366920535616 3.089851744119577
1.8128768351415194 0.36642857875274293
2.0801000392926037 1.1638421315549763
-4.385582789376738 0.5536890659415055
-11.001750061198202 -5.5936376005785124
2.191737352879937 0.9064538631826692
-4.962315528289679 -0.5501637976312783
2.0183759123616434 -0.26389922444466063
-0.3414218170485821 -1.203291712343637
1.6163401811360543 0.7162572107395625
-9.87697819948031 -6.82851017232148
2.8108467505189725 0.9610644394878607
-9.582073371322199 -6.079460047487451
-9.378284814261244 -3.665080577500815
1.8547030192328822 0.21064980621420565
-3.333032885332639 2.4508230126088457
2.048411604001331 -0.17368311660311986
-7.315257853001239 -5.1115884486241665
1.6899913902477215 0.6576272291534606
2.1615761994539993 0.08605685034812371
1.2536219083615003 0.22738350977431154
-9.504834898224841 -8.090490544609413
2.1549086975701623 0.7618111721370591
2.4061911428316045 -0.8511113258877527
-5.991739343971303 3.8708524121293593
-3.259350312235128 -2.1031444148358887
-9.074131916444559 -5.337412052648107
2.032578184477733 0.2978849475374451
1.1138211675070808 0.7560320945990722
-4.392291447598282 -0.3753048377343604
-2.6614996180937887 2.133882601431231
2.4077487835314666 1.3313387839734538
-2.5492627864475077 -0.26067115985109957
-9.348180028930857 -5.904305992652762
-7.7620121462605045 -6.015751942013035
-8.386443489212274 -4.327126501407266
-5.593086168486361 -1.4459212222958215
-10.747569272150956 -5.125495693262102
-9.988724152592619 -8.812245010992038
-9.956645364230686 -6.0521238864059725
-8.433500546930082 -6.708617010344539
-8.118079089505787 -4.4491965727632765
-5.61597490514775 2.1880045756125224
-1.6113838142307495 -1.419206940412761
-9.891413989055017 -6.245504072795367
-7.282176765718416 -3.328989295657177
-6.808790846707652 -4.620629561952247
1.8392893345214225 1.0432123079880196
1.904993288496895 -0.26228750020236324
-9.637400717860476 -5.308343032244593
0.8344351895491595 -1.0915941144955783
-5.2195581559796285 1.122514696346544
1.1956977940665996 0.8277460944021012
1.4783074968420806 0.5509143982972793
-4.5390723032907445 0.5809307843938321
1.7419796185687686 1.0277351196785753
-9.65768679736458 -7.543348337965549
-1.6124384395990123 2.270559972988333
-2.640675189258044 4.386165849124743
-7.7419331359993375 -4.784260933402039
-3.0263887119568844 -1.7747974185013677
1.737546078695536 0.8298160661014972
-2.380530149303595 -1.438412174541507
2.1449832191936298 -0.013164284504985524
1.769961912823789 0.08863861395550815
1.6742343753133384 -0.3843688747589912
-5.475239158172446 4.560510548652397
-7.700572055917663 -1.4298624606332386
-3.877554442542645 3.654709197291977
1.4877058022477867 -0.3316479082922328
-8.121022102232164 -4.300281980210252
-9.914245764778547 -7.153343589547008
2.838675800023312 -0.09954517977963362
1.4788626628695698 0.40676803822230245
-2.283782726424607 -0.33834904440185465
-8.41592534441085 -4.070484863567165
-8.498138418445285 -5.440122131920553
-10.726444373937936 -5.145179614389152
-7.521521223373708 -6.0459404674693245
-2.4362104265079143 2.8515557021239357
1.5740353402907186 0.03511912921052235
-10.477654601472866 -5.468705250594639
1.0899237789407543 0.7646049265965963
-8.660474615771445 -3.9715190300125833
-7.4168093830756625 7.0173337185128055
-4.408799569490119 -1.1431132377576396
-8.080540595864527 -6.708442533111306
-9.193999478625528 -6.621157643158247
-7.6950368139466505 -4.009005118515795
-10.681572900255562 -4.33209993971486
-5.052667471082179 -3.1548636461357367
-4.990698096290715 1.8889580940992778
-6.43460345133877 -5.002635026021175
-5.254545294828787 -2.0684096293074097
-4.742409536936552 -2.095480162196634
1.5620578150039448 0.3862890874384723
-4.287500324916997 -1.4117781633447835
2.038176103262231 0.9495652214542372
1.8615867679512563 0.770705516615626
2.2581634716858425 0.3438311282981537
0.9682081795052856 0.2899777860514938
-8.594740832473896 1.4382070540160137
2.68394576471224 1.2059203530288172
1.5692543337098432 -0.7419489772614658
1.1474798932951926 0.7996869224786889
1.7745031514429925 3.8716415261408184
-9.99838970572621 -6.021655510772744
-8.355325802349352 -5.684796317059964
-9.39436219382244 -5.774365183185528
2.4237902824912156 0.8131260873446868
-8.130436762907543 -6.569799089827351
2.3500355274389246 0.4959528545412386
-8.944506938895302 -6.168196954712083
-8.011283357810148 -5.5433394817992605
-6.224318296704553 0.5385551166106147
-9.14015152861408 -5.6950273633349795
-3.2233758143307316 6.262320697550223
1.86190683687144 1.1882902998368519
-5.1297063614113005 -2.329691703573321
-8.384762171606821 -5.7002863816486835
-8.749329496606185 -6.663393459988496
2.319070877100291 -0.49797745896894696
-8.064756718003302 -4.6095260240804725
-9.34305076183287 -5.253490231013391
-8.05999063263547 -5.769164762329325
-10.284841231833106 -5.137695378096763
-9.27536209351574 -7.8316765321512065
-9.995683685925169 -5.955733233909549
2.1923148710123406 0.9708256559493992
-5.553768516368452 -0.8356667036595938
-10.67417277649353 -5.043762239242748
-7.654586486775075 -5.6841088711055
-5.323903692246166 0.1047418398677911
2.6065117643217737 1.0656008930501186
-1.8841281011773887 2.4843938664873058
2.247918093220319 0.9800522430375475
-9.556751995009327 -5.169511810979945
-3.0241320722434093 2.256324786274255
2.219195349270026 0.19554934216765402
-6.4888018534097665 -3.077673097006055
-8.8010411392451 -6.491280077545328
-0.09341787936094992 2.0548842931767632
-7.263025867343501 -0.7833368598981044
-7.026069891929771 0.19187894326779178
-4.385179636125972 -0.37964148827049826
2.788271926580306 0.2531205726541556
-9.555814577640634 -4.90965681425792
0.9335074050306007 0.21873277908373479
-5.62573452873888 3.6680634105138403
-5.935482397564537 -4.052015686597105
2.904356123695164 0.7874979832165392
1.6543765811690594 1.5075096080674273
-9.456082726666587 -4.271228079322207
1.2623904549584606 0.53023049257884
-3.082783805030713 1.083070414536991
2.4365404307824443 0.27570182900705753
-2.566777306401662 -1.3737055194001413
-9.423572397050775 -6.253842913350831
-9.450179105860807 -5.925277488227979
2.4243619845746665 0.6274045599192527
-6.4270271843494955 4.548774303477111
-2.644465428127962 -0.453961994922353
-10.813602278826897 -5.049525330241017
-1.4884209504645467 0.11090455778596889
-2.6042527277690133 1.7824027414345769
-6.376189908582087 -0.3925826759299469
1.2815264945570601 -0.3442489061301316
-6.390838964727156 1.252254862292447
1.3621604847596986 0.8534536928981018
1.1989443304053786 0.5413008975229315
-2.268054455247891 1.394131721766634
0.7624396083239411 1.1437237168297534
1.4562255444691317 0.07765109007795579
1.7001704276346357 0.5291130106469664
-7.31787040068291 -6.7090647823326695
-8.621391943065268 -3.44924907754299
-8.615512405876498 -5.176937573418215
1.8298763945688588 -0.061493697925549595
-10.33911817383079 -6.604440668884864
1.5523330168363092 0.673945999493692
-12.161068479231337 -6.187686925374731
2.633934591075211 0.46635014752716936
-4.547209176774519 1.0499044596653626
-1.528024700411526 1.0883336453917931
-9.350320280908551 -6.140991453546972
-7.186565249198615 -0.3352386014630548
1.8172983074529971 0.5080981912054383
-4.652819546223424 -3.2270018903669233
-10.408840916896295 -5.84105771292328
-7.496769904546038 -4.79577829835562
1.429100881249455 -0.150349907134264
-2.7083032110181318 1.7223598459955647
-7.246293136908621 0.44711173692012435
-6.375184828498323 -2.391262001819477
-8.82010859251805 -6.8453897716146255
-3.087318786972248 -3.027987360376803
2.139592375047039 0.4043802818562629
-7.972645785428618 -6.74051632970758
2.2493505285710165 0.3569436868522582
0.298801146996837 -0.5024940607748846
-1.9726556873881989 -2.7060801498843654
1.7772241680764749 1.114205121023422
-2.3384536420160194 -0.3857858978148388
-2.447659920501924 -5.532897549708297
-8.103443144987233 -6.073298166608395
-9.296779862478353 -5.200822148678954
-7.332616719722522 2.4253804738197386
-4.081035085069596 2.7605262471482526
-6.380553690047104 -1.1445770659772079
0.1784947429464463 1.0729048845408768
-4.547977449851165 -2.496733703877527
-4.9194925628392046 -0.6306483641021567
-8.527192166934885 -6.726876241286414
1.0424492774695264 0.7111073700472981
2.1339641734572092 0.9298109697767963
2.9227116266127124 0.7072872548854807
-3.8753220608892596 -5.775721214992582
-5.878558642237229 2.1595213310653394
-8.585793863667744 -6.895138352027265
2.116770129286147 -0.35842099487648926
-4.3276736882995 -0.23082940448984285
-7.4458062505688565 -4.927943711318327
1.9366275841552387 0.7155426954348074
-3.0548469735414208 -2.355830672741831
-7.96355597516439 -5.467007467972829
-7.318400254027321 -7.030334746236488
-8.503650090189401 -6.820486296279364
-5.1550355821392575 3.6279669259197584
-1.1135892692854692 -1.697025022522463
0.9283718555936527 0.5197117264328966
2.764435660996571 -0.01679537438526235
-4.779151797196943 -2.072225243674347
1.9703551848286387 0.8597827250336814
-11.321642829430703 -2.002105877037104
-7.8141062541570765 -4.949899007962928
1.24087001267139 1.0932729559244536
-10.150257537339119 -4.165858225756326
-8.49658400006566 -1.6868550649214216
-9.45849879382565 -4.522199595775289
2.3849665687095785 0.8410947786017776
-9.242615873843631 -5.258959672859616
-8.415011160745433 -6.359745922210558
0.855211298290413 1.3091847445254103
1.1161327343816043 0.41976734129702836
-8.957359215728516 -5.685829400386899
-4.55050169366686 0.6781148132587967
-9.100447915346061 -6.985585374701667
1.6696673443389924 0.7335006648262724
-8.45610839900977 -5.294892914233639
1.5086468669032727 0.8582037708524691
-10.103874705428534 -5.975675442918421
2.247344113650326 0.5467815976823005
-9.0423106574178 -5.732263799873051
-4.867838609205131 1.549630632792251
-10.08833318710566 -5.011799147923784
-8.891437815725542 0.8673933090333884
-9.362718467411089 -5.436930999551609
-5.2505842587922125 1.1286271463376432
1.8239982265694799 0.20833105803997354
-9.64588225102724 -6.27518734285796
-4.186538865261485 0.2879582851903386
-6.867092087363954 -5.766832601085387
-7.966766077676384 -6.637742347616941
-8.188561662448762 -6.011656726161956
-5.824640748770647 1.7235690813043767
-8.465647835381686 -4.926353273932069
0.8861250789977371 -0.8363458469525769
1.9556808353752746 0.1113541765991552
1.9675874562775104 0.3467219463247272
-2.1029225976675314 -6.074612805966897
-3.3868716464465045 0.35757530874479454
-8.279565609534902 -7.281822016448547
1.5195194612162186 0.6855450833121792
-5.366916289753852 -0.9901028176976339
2.0492223739866957 0.5801176771600124
-10.039355205399064 -5.399475097920185
-7.837322653920839 -5.029869889519854
1.9519769806429246 1.0809987688850065
-7.969269587596376 5.516633835420444
2.508833746668055 0.34300883869793136
-4.730837294973119 5.648272912083155
2.3060972672510833 1.4255332482648453
1.8825367324586473 1.0292856711090888
-10.858410920290346 0.37948659071645485
1.3189240947769556 0.9131089428626924
-7.76973568692386 -4.925268923147938
-1.1708692597653547 2.2446048441012096
-5.092831359408812 4.40224453710438
-8.763983390679309 -4.455401436361495
-8.424578320056511 -5.322646635548799
-7.395455518978677 -6.697694394830196
-3.0701102662167523 0.2308135904953843
2.1628022296482716 -0.9762259225641192
1.547431557052385 0.5123193474839391
-7.035285456338817 -4.634899727873358
1.9623928695908677 -0.40656223076074227
-8.36240279850534 -6.32873113077528
-8.182351289163506 -5.285893286142305
-4.7848900785927375 -3.592747187337762
2.1248685736511956 0.1337832450255113
2.5580679353280638 0.9297463964457113
-4.99106129840894 1.2219657807643076
-8.147798210219307 -4.878821277170505
-8.937611896425572 -5.005264304434753
1.8826197150917923 0.3812616933021158
-9.408707072752183 -5.371872542545626
-8.546892921479683 -5.793836901416743
-4.8516110821963885 -1.735388525046508
2.7377771127504786 0.32767840321731134
-9.31520873637355 -6.685445979482482
3.807760677073241 -0.6669742554256506
-3.9919136347759703 -1.751455464556918
-5.462647238282498 2.5522383974882152
2.4409976373763316 0.9125426214917851
-5.934663346549016 -4.2494649136652765
-8.53447433861933 -4.7674142763197205
1.9303416051545776 0.4665261571535991
-9.819555694936843 -4.055328515638177
1.6137026145470954 1.041973968930268
-9.474292765103964 -6.417347714732104
1.0205362495183405 -0.2923670458987544
-5.951235990686403 0.8189571177774462
1.5052441232390996 0.2899975065580199
-6.1081616534628935 1.663592476727822
-8.910099662978658 -4.431166890089699
-10.631712094705403 -5.299168746464786
1.8349751223317445 0.025287684652714915
-8.10285589330084 -5.551675513388911
1.4517863928163475 1.3547666244560401
-6.9217812731136625 -6.158921345018256
-1.6431020027325132 -2.0537613535827095
-3.5268346669664163 2.0860979065330607
1.5225277102518788 0.5680202020790044
-1.473023470544181 -1.9395793998403983
1.2354255787144564 0.4289367412280125
-6.3785994887410995 -2.493572308931586
-10.156153873598667 -6.956891665485356
-7.8159565082742315 -5.802258321966313
-7.810563736540232 -1.2514363632883552
1.0199597451096225 1.058675339994064
-2.5923154294579067 2.2402479998005083
1.5522683143427667 1.0095438290726477
-1.5263053900629684 4.971031694342694
2.592813091016848 0.5945573319300592
2.4639240369825544 0.034173363004706636
-3.176045497880206 1.4497971460823889
2.0388452019099508 0.6791730433143655
-7.368880865153245 -4.278859525502531
-9.499460600163179 -6.133782941311323
2.241271986907794 -0.1598351090423289
-10.250599288435609 -6.1106453460489325
1.2155621390231879 0.14882477044444775
1.6767731638117458 0.7065679281207589
1.826865509214407 0.6001179012522088
-8.191100768858927 -5.859890147275826
0.7812046405499817 0.8353007413679729
-5.411800159881575 3.5733695397763956
-7.642072237964937 -1.3039131191592968
-8.426566086897125 -5.742336686059079
-8.821451022358941 -4.899577486524999
-8.724316346978705 -6.379186454113568
-8.32328677650838 -5.9084790602362265
-4.149167025112323 -0.17548733373937264
1.7813922276089438 1.3964414866588748
-0.03294465123342327 1.7275282344759202
-7.484379122135578 0.19274616520684046
2.153088593476354 0.5013947571413354
1.550729524473888 0.4604371889571183
1.6674055667983967 0.8846098605510353
-8.47224130253472 -5.15715878949013
-9.473501563788638 -5.121444528891234
-8.859004280101894 -5.6559362347378865
-10.496280625556157 -6.49184706916961
-8.973095687681601 -4.478943994938256
-2.7490888032641094 -3.482415082278536
2.236297003326136 0.33620954204947684
-8.081027891647487 0.8803094362941083
-8.367659962618895 -3.6957102552680645
1.9040650834692252 0.8639730515879208
1.3923795318986083 0.7731203480021058
-8.176414415719021 -5.835913131153756
-6.780198283687749 1.0369183603928942
-8.934702575835312 -4.561768446596455
2.6023951974433066 0.6787217699109378
-7.5435183720950425 -7.268347584191338
-8.781639364445324 -3.058861476231286
2.801197242589577 0.8516331058826104
1.8868124798857464 -0.07718773440021398
-10.434603097384962 -4.959452741266736
-10.827785735245152 -4.422454848724888
-10.1448975669832 -1.8469956487142007
1.6878269060776747 0.0009491637308002288
2.1115396163375397 1.174094264924797
-1.5640559571999475 2.422544722328021
-7.507748127732276 -5.0232808831818785
3.1647554738006107 0.04345623979432217
-10.31190400166771 -5.161900801536533
1.500880910608633 -0.1072870543981932
-9.04639429928886 -5.232851209869834
-1.6503735201611542 -0.555773613777752
-4.75467679954879 -0.5495561201123023
2.9786922679620678 1.3765529728716541
-5.076424765164894 -4.870049122814851
1.6411735484861354 0.21020028953390557
2.542375985566152 -0.2138111688549208
2.951639084600438 0.7073984508028522
-1.646080524555356 5.911956565890883
-8.564838863559988 -5.248277192382497
-7.556833620538484 -5.323416384848579
2.4919483758969583 0.7091423865542322
-9.186919761516775 -6.16623621107569
-5.686413239540762 3.5799887897182603
-7.983414833364335 -5.053557782094045
-4.638322424736516 3.023317109012517
1.811884788929164 0.7533477566365113
2.2853633078836744 0.8104772978770671
-9.887227995840515 -3.703889852355595
-8.530244245151364 -5.533700111679649
-8.91928763217027 -5.908861357504225
-5.4013902706701575 -4.240266142616642
2.584809468676733 0.38405514189380785
-9.86479963423711 -5.333179012810886
2.446193742605547 0.5165240706312239
-4.123053407703372 -0.237066742360597
2.1546771330071146 0.9714281228340935
-4.966834372446479 2.198272748510966
-4.7232327136696535 -0.32868021525493035
-6.313955617518439 2.654584101604574
-8.29670947371428 -6.0638877792766905
-4.102825513416425 1.0931699998194606
1.8628570348061546 0.35513951316019815
-9.255680682222607 -6.744031624077561
-1.6046936931450366 -2.9164840800541763
-8.4518103255008 -5.064127181046795
-11.514735904714358 -6.694924415944886
2.026746554203516 0.9304196533552096
-9.42775712708854 -1.2809470717446136
-6.436460612348349 -5.585976600695114
1.052085392596846 -0.09974414987573776
1.5694691537119791 0.6398898961661533
-6.60701101600587 -2.2785640704303285
-9.11384344041142 -4.81334178019443
2.6981022616330974 -0.412338979036752
-9.954776064126367 -5.920141850166644
-8.403877187562147 -4.554457631282436
-8.89314980317568 -5.32749594217125
-8.539527060983598 -4.179547808307955
-7.0894353601926 0.6462746589176046
2.422999753400954 -0.22775581604826545
-1.8443657684407269 -1.8938681363518732
1.6153175544307095 1.1340882021005112
-0.9833614528045027 2.065963278926953
2.476828649879648 0.4756964946704265
2.253769844673743 0.1675871890511435
1.9184888548471994 1.3507093161876762
-6.741795510907872 -1.7990702220351866
-1.8481921326810302 0.6906793321270799
-1.0813489952352433 -1.2445241495716584
2.210254172506466 0.2970408798254859
-1.5310272581101931 -1.2219512478480183
-4.721844394785131 -1.1705488895032945
1.0432570842075704 -0.06798511301512145
-9.05804783969191 -5.9063340068389465
3.061920023728361 0.5021187174710829
2.0251803397791943 0.33114295398472215
-2.070985231947977 0.14372516621873174
-6.37461692775878 -0.48367363291287857
2.1227218643824246 0.8671225251288625
-8.199585552543295 -6.264026096047736
-3.8126530058104624 3.102738608758326
2.5137154260140546 -1.9851583603133176
-9.354612986193356 -4.835358348067277
-4.933582919088273 1.5260077753432975
1.799493835785817 1.4278462879790828
-3.83305967386377 -0.45904882379771816
-2.761260373262419 -2.0613830362662497
-2.6140993442398903 -2.9998594770927554
-8.381072139657984 -5.709096786262454
0.8152028135271088 0.21741367757973912
-9.848801758690911 -4.48634770496306
-7.66798467347796 -7.10824783666295
0.15226171464854588 0.19704968516067367
-4.727404016790544 -0.9948916226449807
-5.448305704596191 0.010790519245729255
-0.49722494243846427 -1.305079664796576
1.884552220802221 0.5570524708755226
1.7646394401888386 0.14843347228437098
-8.004031607818145 -4.536816037463108
-8.127451179991894 -4.430160840390846
-7.939069917346723 -6.266649488049494
-9.880275090503648 -6.253621505024418
2.6434590749877787 0.7218403120341239
-10.92292963405382 -4.215832410998027
1.4948772786657367 -0.04966221946163463
2.363678762762962 -0.6517895789779615
-1.6567885031798157 -0.598236064200453
2.258939378437505 -0.11331243897744936
-4.087911341060169 1.795146017289158
1.3892243636726493 0.3659459704043839
2.916615754809147 0.8104122918063389
-8.920839468293453 -6.96628503316195
-5.048177912975442 -4.1048082558656445
-8.917796503936676 -4.237337149627794
1.2544080064860919 0.6063100391997998
-9.514413179369381 -6.272190771629122
-9.29645378676194 -4.134620236460003
-4.179128141856736 0.11656993943824799
-4.944578754365471 0.39290371004428276
-1.6059015684332891 2.6559674098336155
1.3736160165089446 1.2238076338331634
2.452487220553806 0.7157778641121949
1.3762639369281215 0.46409902516232765
-9.133838672648842 -5.149702781458045
1.698446388871612 0.6083448447240578
-8.058082057572692 -6.965879993849869
1.9893700689462313 0.1766392922962765
-1.6505657364553556 0.7869293283028864
2.885753027300502 1.0205198283009744
-6.5689730034797345 -1.718613975131418
-3.5669514288815587 -1.7980066505231063
-4.382244353044106 -3.8954764858266024
0.2504082843747737 0.13796863648567825
0.9983666215193 -0.17730000062432483
1.106815979118891 0.3074128560747392
1.4264542258677864 0.15914196191907642
-8.638334804565384 -6.099403699899242
-4.054196865126098 -5.3852082399879375
-8.92802552730542 -5.478187440522509
-3.305567685724084 -0.7875139188588492
-5.410287444137843 1.456834701743337
-9.48565386974113 -4.976565533174147
-0.7266722796787355 6.2339869339537035
2.091547330678297 1.290184057619694
1.9488441008630548 0.539541803189054
-8.941986829361786 -5.020903807127506
2.187009198203773 -0.0326681429645832
-9.547867093421905 -4.935483004067219
-4.749597703590416 1.5870018520781448
-4.4353257824530425 2.705351216036851
-0.8971760783850344 -0.7344700281656248
3.597360321774622 0.6716592846682419
2.2470873607695485 1.1596229719932571
1.699809891628261 0.6301587492287282
1.9541646295528148 0.769005597296839
-7.980394127866125 -6.520720109992586
-9.998916149672208 -5.874175632408071
-8.325989842462526 -4.449758347776032
-9.194194368955792 -5.892271967158594
-7.645928943096143 -0.27559724945213526
-8.588925973066226 -4.496360072710914
1.790852542218822 0.40895849179963534
-8.93967251951447 -5.38082450417419
1.4710775018131401 0.8644689321858655
-7.300399719561185 1.5479556408079649
1.6821401536272338 0.33583436038236997
-0.7980962968741991 2.247261441219058
-1.7015219549824865 -2.399632894670268
-10.270169803322965 -5.199851197331443
-8.756630089838131 -4.4432674043693785
-2.7418461700732264 -4.7970252800723205
1.891968465642217 1.0506554587069523
-9.76362314877726 -3.906115022757656
-10.249234140291287 -5.912453826661354
-7.094887195545709 -0.05423181692645049
-4.286918081573231 0.24805728613251593
-8.194886907556615 -6.475219539242084
-4.030043046888755 3.3469305016253195
-6.968449032238638 -2.674944421930342
-5.156957183986579 -3.5326133981338614
2.0909485379535577 1.001959387069857
-9.653622252550889 -6.12507245933224
1.6596546207884828 0.1789337550270323
-9.551956135955667 -5.411725191459648
-0.8578565684603419 -3.4086512173668737
-1.9211695370443156 -0.30471496033087747
-7.001443792356445 -1.2003880557370683
-8.349318523896077 -5.440823175136536
-9.299622719134009 -3.9729494169284743
-8.53616394179077 -5.625843913418277
-9.11409219942429 -5.1128484586749465
-10.285342576042249 -6.54228303001069
1.9477139450811418 1.0844800352085375
0.8915656193731472 0.5277969364043021
-3.415322067222838 0.5625602252328309
-2.1435735323944654 -1.5390184356076089
-8.025949594181359 -4.108448035658976
-7.357077112050666 -4.414195175787988
-2.874771269406038 -1.2290725475988673
-9.140521212368933 -5.074881075908982
-7.631815133341804 -5.157675135614439
3.796494185158963 -0.20881161751181132
-3.310150115002473 1.1606401912322721
-2.7392757621822135 1.9005319622292154
-8.50973656307954 -5.548222006105012
-8.160789489267287 -4.118942524264563
-6.694646513137327 2.4292244418982554
-4.408685504217519 -2.3054924324300528
1.6820006828129754 0.22234759135848498
-8.017941396306053 1.0188964351463203
1.8789226360755946 0.8814307208410426
-5.638667901349499 -0.2733604549384083
1.3132907935456495 1.3230936292043514
-5.62158495428395 -0.7377525180900241
-10.413185716797935 -4.820458312228647
-10.315063296819394 -4.97479455093427
-8.58514889515775 -4.4910966542110655
-10.292697469412344 -5.170991765324633
-8.99933496611767 -5.154267793142711
-9.161177124808443 -5.303399279545378
-6.3709672613178325 -0.08147185714940469
-5.243540600042295 2.900285538527609
-5.298780912484472 -3.3242957734833234
1.2687262717594068 -0.2568422370155822
2.183550589756679 -0.041691282291881016
-7.880348970945752 -6.93851400186863
-9.256010702753905 -5.956184597308535
1.7078473963970426 0.47486791431206077
1.7597568297299868 0.6219240102298623
-2.488057510910819 -4.959027971532461
-8.581830426324716 -7.222561612908338
2.283515581843933 0.7223765618231872
-8.260799983426088 -4.0978725874177195
1.776778564187353 0.5814393574986179
1.523173030105247 1.1604076458801167
-3.27143479162819 2.2437905436983923
-8.861958405702644 -0.5072927449610418
-9.999526567377833 -4.483097302890031
-7.151976649119726 -6.013683649809295
-9.563248313842774 -4.271287239546434
-3.5339067775545603 3.4681872947909405
-4.097674783824772 1.7052576909802755
1.5357783752738252 0.8121502244035648
1.9344355211814896 1.0294813311092539
-10.914623393503664 -6.45183110869539
-5.569477591605695 0.2487155658003628
1.6631904261196861 0.34386518619541234
-5.010776837713148 4.309914238642173
-2.6696806620519604 1.667346432408308
-9.88745245177769 -4.267502322592637
2.0448363827720173 0.8109748013181859
-9.867959861748226 -4.7210118057293995
-5.316299858477507 -0.7660575968051704
-8.33259093160219 -3.496504781356041
-0.28362080224225217 1.2962257714760803
1.4008601117091826 0.004413669195211911
-9.140738720198286 -6.542375119592004
2.0622004821015945 1.2671051110715799
-8.791940626565003 -6.5212254733780135
-3.035315861990501 -0.6139153212323158
-4.209201140380306 -1.7397288832680937
-9.858546010733594 -5.872784880889062
1.6075585752819854 0.9868228372023565
1.2446147048855458 0.2686533763316545
2.345334850949656 0.07495536276946485
-8.970662252123258 -3.554526002584902
-9.544538315668351 -6.249366720276562
-4.889536183776414 0.1248785325091154
1.6096108677318068 0.4758587415902375
-7.56750975054706 -5.614287921286432
2.631500399263549 0.6028077977910946
-9.571059163781895 -7.774756625737102
-1.4027877181225974 0.6278246729529171
-7.781117874770634 2.8086638235549137
1.429079263145543 0.3512662865186492
-6.5154455346716205 -5.3711329326967565
-4.020789443429749 -0.9303980149464799
-9.345123810940425 -3.5189244045479344
-6.724498495358786 -6.255242854846359
2.411571959570225 0.026290658449082516
1.4174347896462074 -0.11760362004245373
1.7736657297002612 0.4412031774377554
2.379938357082263 0.5597260498041872
-6.863767682443802 0.4236013979120541
-8.037108047241743 -6.030168806655037
2.031540035903679 0.2955428869013258
-7.271451102693317 4.628046170741873
-7.855573169555631 -6.311564550771018
-4.719646592306536 -3.010085067478729
-6.0336443333227425 -3.4428081884467394
1.912938925636883 0.4603510102154034
-8.728242566291888 -4.628572735118359
-5.34633630183541 1.4279372765071803
-7.213587737603082 0.6341345424900179
2.096840549875886 0.20366278800184634
1.475515440926936 0.28055339043770344
1.7199845263165912 0.15908246247202829
2.11696808748014 0.4640582741653589
-9.206602870892768 -4.814531159455932
-6.477404960816058 0.4481821613868047
1.951621890265154 0.904720733168502
1.1272162323911528 1.2604569177145661
1.841152254697158 -0.6149257698866839
-8.199973510715521 -5.887542543180799
2.080794875318311 0.6917424187382446
-6.8859469864293334 -5.724297730206517
-9.15760417922515 -5.1710616855782074
-0.07955994211777107 -3.049636445169839
-0.5832293753710651 2.981932126245803
2.4821521576574104 0.47194546136124294
-9.056056315405312 -5.116164756845117
-7.263970511117739 5.258889342327801
0.9719115926455097 0.5797736487518063
-6.496885058915895 3.113007040969056
-8.798567792794174 -7.148560015790689
1.9820146762524395 0.7700679783779549
-3.8713272681268203 1.4188280242241424
-9.002269204429656 -4.731558221015838
0.5454081439631739 2.778528431713365
-9.065471921511381 -6.056958784652267
-9.080909987519156 -6.651663794484099
-6.497006870079799 3.6659116415884463
-3.946313233945182 -2.607585311205643
2.4477938179254446 0.6136862016547241
-7.284070603480988 -6.185568240363251
-8.349709119539925 -4.789083214938362
2.656893485021981 1.5181878399782145
-8.748260247690569 -0.716798592770127
1.201912812909347 1.5315166561990354
2.363854912063593 0.15812067762100918
-4.704628613034335 4.422284971018742
2.5982479112819643 0.4186217870138202
-4.487746961468298 2.482621032281348
2.252743734842973 0.43563004346521245
2.008612443512812 -0.07266086227808
2.7490789735114176 0.4722811207570282
-2.0310037655070086 -1.9294836391592196
-6.403005807841968 -5.7452182307745385
-1.7675336772961852 5.136589604574154
-10.040432538317706 -6.014021878241973
-0.025029522207356436 -2.0802742794030067
-10.619983987604162 -5.806808167700586
2.294731971796632 0.4331056444390482
-3.9921008241537455 -0.10973756934680173
-9.524439815642605 -3.64173957028609
1.2925465609554125 0.2068046766748935
-3.9383702746427756 -1.866862358791046
1.5703528855755335 1.068837353469113
-0.16838697620159948 -2.64270095885442
-6.1103174350860225 -0.513058023393905
-11.380253142900004 -5.3489925134636405
1.7139815991466336 0.5282948813512057
-4.542454234670379 2.237256447392964
-1.4283567739939769 1.6828265885024052
-8.934329932182285 -4.920780100296852
-8.504406492236248 -6.690351639211203
-5.624623142953977 -3.5895095143600115
1.2451314560813083 0.5815969472624429
1.926242121624429 0.9705501519353157
-6.4847452525691605 0.33998955353167293
2.570527876018488 0.961585721789631
-9.213800434130228 -6.332982749082316
-4.702864134441558 0.27477812871062557
-6.160431792071151 -4.0737641411816785
1.4471401453869406 0.3419338443875538
2.158682879835659 1.4870716577792402
-7.934291205622124 -5.192398923088441
-5.57143029522716 0.27934647995424877
2.41665546287476 0.4008552647364642
-11.05777622012085 -4.754306056893029
2.5589049919190225 0.5463418951348523
1.9321113489451984 -0.049728252410172535
1.2909436984074114 -0.14237317916154346
-9.070961140393834 -5.364634244995138
0.034846275638483526 3.312547229895743
2.7494912492901165 0.9553000422329931
-9.6889262286379 -6.230276439852502
-7.693918803375313 -6.6961895076418045
1.5269239582361909 0.7927242696659633
-8.771117287117898 -4.838488693037811
-6.767719263388513 1.8159624098916403
0.03277070506132329 -0.21877283483256016
2.739680323800057 0.9586900132502649
1.248004559473321 -1.67365768016305
-1.73445061757602 1.5116222374696908
2.256008998550406 0.3921251661754056
1.0336733120278674 1.4033517119166758
-6.96781158333282 -0.7835828480433815
1.9350703001493657 0.5876598839070135
2.1337182985785166 0.4897004295389517
-10.201080413693191 -6.525425252567019
-2.3200821234926523 -0.0058189794455463795
1.4361182070940695 1.5987362102170892
-2.6620553204741175 3.0135048328179668
-8.717756883653879 -4.989718850607302
-8.71323921360473 -5.796294782233473
-0.5678056370607241 2.4236602752504974
1.9725166584602323 0.3376972978927185
-8.660574525724796 -0.8047310264423778
-6.162261159464819 1.812530205094345
-5.886972778805649 -2.696997123558067
3.0043005972524526 0.27802626926574225
-5.064515776521113 -1.8344219842535134
-9.71758418970825 -5.580161817556675
-5.986916281357127 5.015197929590213
-4.9425983103959945 -1.5232076313234877
2.355809655746721 0.6062803773393256
1.4703365309294698 1.3261159740850181
-9.958776475873483 -6.649058808893305
-8.768739149445773 -5.945912984088036
-2.744857224621846 7.072740373563647
-3.969122188428596 -2.7087769732811937
-9.820510293057668 -3.585189894509818
-9.850860042351858 -5.586032490265994
-5.8622541615864465 -0.017404472316667127
1.8096378588418873 -0.2574318159179534
-5.182544936766774 3.909847268705768
-4.667068392300867 -1.2789957788240425
-1.7667357856001447 -1.5367367120851358
-4.9722951902813 2.9889294794685863
-7.614981727355434 -6.588148000278866
-4.7862792504715035 1.6282797654202885
-9.199884809597831 -6.288214107139804
-6.86179765738239 -1.4954629889086455
-7.848106211740861 -6.092517905858191
2.159701648253334 0.21535601889640626
-5.834172247818013 -1.279940903868447
1.5383175018076218 0.2889032863915808
1.4179686336117228 0.5618065847623188
1.146005895167097 0.46175145433605586
-5.938554652916263 -2.413910061780094
-6.871137153072693 -5.4532871811243675
-6.050869382931422 3.6166803712898203
-5.091355565981867 -0.17204559903642985
2.1063426454562895 0.5680273744933848
-5.191019201242817 -2.541834706332202
2.144858438883643 -0.04769613015992913
-8.767733411016618 -4.844528317784693
-8.753188343022702 -5.112567890249545
-6.25107204533649 2.2358701127543608
-10.075139757441242 -5.166140659280098
-8.475894829132267 -5.484486022812648
-1.7064118507644999 0.34604256945995904
-7.046693707197399 -4.3103690352532436
-3.421505878765906 5.572048581538928
-9.443305776030833 -6.4146027859706205
-8.13117097025383 1.3513319960588996
-8.526895138096267 -3.7610477024841975
2.0886799566445697 0.3871032196030223
-9.95746223865266 -6.11927864799467
1.846589528068253 0.7368300682422764
1.0532933773896735 0.053307538777370655
2.2724027921094567 0.532552246906603
-7.990366325280352 -5.347131046114068
1.1311973524333578 -0.1256223385118591
-6.7254951879493765 3.1825357250250956
2.5215177150927763 0.6030472745460791
2.1804778101370133 0.7194389384736904
2.3096579084268725 -0.07535587060434856
1.3952488066015185 0.05944528408149474
3.4233234399171346 0.3322979375072378
2.9325256545885514 0.3153857915860777
-8.026884351057705 -6.423856676604752
-8.307239276014126 -4.085452907643257
-8.783152146054084 -4.906939925076689
-0.6661380332214906 -3.119962399460967
2.231398940271 0.7613099221685877
-5.941501240510412 0.15746496571850715
-7.880479732928262 -6.1973621639939225
-2.3744966151087357 -2.8530864828554936
-10.455310047594793 -5.5083888282672255
-7.0680713670145465 7.181733211046288
-9.432680947977609 -6.637197838991804
-10.303937851823829 -3.774877489970949
-3.0722931634217487 -0.2288391447824359
-9.114936708140046 -5.262219322391338
1.2575949105501603 0.8891144144492478
2.117558985425586 0.37915842441817893
-8.66429466633551 -6.162427385402128
-9.525817575697603 -4.681735593757458
-8.240016342310424 -5.49910683841357
-8.264461561503694 -4.698835716504532
-6.128363018463893 0.10544939067302361
-9.192762811432317 0.6433136522413513
-10.262518030324372 -1.7236250889757416
-9.528058684769105 -4.391448095924026
-11.013220293945626 -4.083084583119697
-7.663487912806067 -0.07715166101108079
-8.77706655678413 -4.573753794156704
-7.865611808294382 -0.14638429760861388
1.7466848517592592 0.28971962940380525
-4.560015514140083 -0.4083998085487247
-9.913230301518855 -5.2340740238679935
1.7222831816913977 0.7448824855663233
-6.044369713286294 0.8049410954421441
2.5672607336291557 0.23160769997503577
-6.686667434729555 -2.1148010675373876
-5.295101129516786 1.3280473827168993
-3.9332160269604493 2.7382543133496613
-7.7043970936940775 -4.777384493241145
2.0098305415825015 0.6537605179001799
-6.179508919861357 -4.655161572258422
-5.433741256643564 0.4675021541685721
1.970484727785887 0.26520596149990294
-3.887448498382222 -1.5291526364250836
-3.4876243840745147 -1.0543550685565337
1.8401243083749335 0.5968700909013193
-4.936206841258063 1.1743059547232766
-9.124042964851146 -6.402957520976699
-1.6069384736232344 -1.3462796206327197
-8.197815258718062 2.719676683856072
-8.963914682963047 -4.51461285662368
-8.782929137896483 -5.907192917024815
-7.850598014653881 -4.760164223966643
1.6117605462396996 0.788573870454689
-5.085379324282784 0.1652455776838426
-4.3928637096847165 -1.1282066174702758
-7.575707587847322 -1.2479502323185043
-8.261388023867141 -7.709353248579812
2.267862810491095 1.0368057533190864
-0.09417349118084495 -0.40086036604139513
1.3155647858053934 -0.2069711522057014
-3.638451020881175 3.0713416900370625
-5.1491289772011575 -5.018646353805014
1.6216871445466483 0.4355508379899359
-7.2382457586874 3.270900406988442
2.3008989421674606 0.08608213024182709
1.7594216444427624 0.694338016624164
1.434425774333397 0.24310040717325793
1.9724113710293796 -0.06925257445661936
-5.829300671253002 -0.5862205045287983
-9.473395756144962 -6.612091416470406
-3.3931193161421263 -2.564990187095933
-6.560045501600933 0.16226448650699482
-9.597404162785274 -5.991946261729594
-1.3649594763951463 0.1444534082546212
2.4786039190947484 -0.24950318583014597
1.6300231563399694 0.729922323900491
-5.0192695923545765 -2.4559892493482165
2.1604934268498845 -0.11423434487946127
-8.428028662598617 -0.6746855282657667
-8.331144518868843 -5.764989264778479
-9.171145782322215 -5.615283438265304
2.386606021240299 -0.0733758946653692
1.7047892849539026 -0.274000901879483
1.47037670368396 1.0165225275477632
-4.121295790422784 1.408127256385544
-8.862674688536247 -5.161530994669771
1.684845611171745 0.8806053802505149
1.1495934416842215 1.245551256314071
-9.169582860404844 -3.9329983179347634
-3.3559444288900755 0.25923779606098263
-3.5421754393511877 1.5568699660742793
-9.776233928259485 -4.995190333723031
-8.971939189798615 -4.588893451743155
-6.229798988188737 -5.909465210464736
-10.090810773757482 -5.469534833878375
1.9104250681428017 0.05683276613942734
-5.4681671363935465 -0.5386877139242632
0.8685085338689531 -0.11459350161397197
-5.687559703019757 -1.324512388315596
-10.03012797783472 -5.140980735444632
-6.568056436874924 1.9472536348471534
-5.072744040361096 -3.2277255050840354
-2.1645973362875055 -3.4391680566751743
-7.948526596523927 -5.225888572067262
-8.351776970972942 -6.142072379526488
-3.226289160675261 0.7982312899566277
-4.073352328288468 -4.955299559812715
-10.231316750683558 -5.407786069362696
2.4973840953229947 0.8916689011419039
2.1578924418550236 0.6336239049270707
0.9174268676596817 1.2419823071799752
-2.0694199151030412 1.8857759590201453
-8.71693851742024 -5.101671999912375
1.2667667215649825 0.5749323097735408
-10.353153644077388 -6.618662170384914
-7.819545989378717 -2.8296540045693255
-6.135121519710651 3.455063727829317
2.5063905768063264 0.2685011635503157
-2.5084602226595085 -1.7943462076230023
-8.322184927359746 -5.375950008704731
1.6380120851068498 -0.18419122272661126
-6.345291211956511 0.531375973138275
-9.04124976359916 -5.750364173389873
2.363314747261351 0.4466500842425419
2.498652058846767 -0.18809234256400031
-11.619567897584227 -1.4382954128607892
-7.613221858608172 -5.590643549105038
-4.29835387490436 0.23057213119419945
1.3833101246995232 1.6437594745069837
-8.54606245765481 -8.34464530814272
1.8263404917030286 0.9914756442225837
-10.655774770159411 -5.04195043627648
3.039291421062507 -0.164791905283192
-6.198665600584401 3.2610257560200138
-10.921291504146735 -5.779921025555501
-11.731502460694802 -2.533598568693201
3.0802493918223353 0.2741918712741412
-8.939546733282775 -4.709520650681
2.90232335372262 0.9469181543340185
-7.689517957492543 -1.7248168595082483
1.8089447086729578 0.12803736072553445
2.9257858472965634 0.7877110854972154
2.417325500002114 -0.2833093876133477
-9.664962792251835 -3.517326596932492
2.2339782227776595 0.8346237057538138
-7.323691291379384 -4.890602793286129
-7.205714471934923 -5.889101302585112
-7.109364863030079 -3.8762261891793646
2.088696187406631 0.34922659606238654
-5.641676416391229 -2.1463630753394587
-10.30126088987147 -6.061182213680846
2.383390315695949 0.08389283814830467
-2.558663570172416 2.463529937421247
1.8781365642245287 0.4012836680901657
-0.606237619227548 -0.5936864020938433
-8.414398803422342 -4.073733825930403
-7.719443167738107 1.8654859187982211
2.499730055588431 0.40696375933812434
2.628837315822389 1.929744117245142
1.9390892533508601 -0.1829079328226748
1.9426818812663311 0.6342843658660863
-9.19103813486944 -4.112440509701503
-5.819683897560925 3.3812520305027527
-3.20986008824834 -1.4940010457006625
-1.5857786123765005 1.2497907778253183
-7.899883860564755 -6.232373811866647
-3.7759689180722296 3.848947975285074
-2.8391599787537105 -2.6216380276585283
1.6859842051953133 1.1965570963379308
1.8655016909232134 0.8774951807061919
1.7773138280707548 0.2865028654758401
2.083669191246477 0.017963267538229244
-4.795418108623455 -1.2444886258080536
1.513059803024105 1.033833414024143
-10.597878380441326 -6.698331427780945
-9.282386853122723 -5.244460287703559
-7.841578470641693 -6.332707923775932
-8.66032509087593 -4.95349265376823
-0.47758711363771233 1.1059491630487754
-7.007051188250123 1.5521500397181656
2.9035149200487105 0.43424257239353825
0.8774857674720062 0.18044285689167555
-7.377092258173684 -6.490242301870133
-3.066101886704491 -1.9023752955049453
2.0184575059630365 0.584436127086065
1.7080263777667837 0.04203391631830444
1.7921398356871006 1.0088795407561943
2.0711303172928117 0.23455254322168795
-7.7523244229028245 0.9236173815464153
-8.55882653522681 2.3366721435086575
-9.444340943836563 -5.357890239122123
1.430954899875377 0.8604159578583936
1.9595765992455014 -0.03893423413319008
-8.440472333999097 -5.1870924447107365
-7.369492334628852 -3.969892185073877
2.605246019449841 -0.32373639910377994
0.7522933268396979 0.5250952345701718
-8.681065133347714 -6.190740656411945
-3.103838247141052 -1.067060753764091
1.9872316361244406 -0.04191599591470341
-0.39688277387789217 -0.06658905708884572
-8.167810552916174 -1.5983366156199934
-6.957016518796102 -6.168294669202298
-8.81718974886526 -4.579256336672506
-9.808290079878374 -3.93763375597187
1.5331183136453568 -0.3267868290653214
-9.026662433738153 -3.944630156067234
-8.497696691195344 -5.1709024721235
-6.77371983319374 0.6716721840283656
1.7992694298086924 -0.5892528018833512
-9.808596178487953 -6.943026214643361
-4.127686565561473 0.36054942345800317
-8.573644921202266 0.2694624840043455
-6.435927114271816 2.1126037709742382
-8.030265072125125 -5.4939597434032805
2.473655813304041 -0.06002498193632344
-9.216994200824562 -4.597121773280035
2.1260680753096937 1.0429931511303059
-8.760557674131482 -5.60819959368923
-10.844898372319836 -7.553522726562745
-2.766962459640946 -1.6773621069947577
-7.585679662869475 -5.341311626305162
-10.708692243552711 -4.426016015310635
-1.9406570949823312 6.489292662487205
-6.7095746493182045 -2.621655964807541
-5.0324867720571484 2.8624696827714136
2.322688460156547 -0.2651524922729681
1.2927146694433163 1.1201427657687115
0.5250279241665139 -0.16045342388538897
2.1954529890537398 -0.15261364579487724
-3.8022334409795944 -2.285143530954016
-3.4500962464196263 0.20242352864359134
-8.154083443618495 -5.3538801188013005
-8.367263551986337 -1.8157965343764362
-8.631857905479922 -4.705688330278303
-8.205405703024695 -6.5267271977780785
2.003900816791662 -1.1613821494754104
-7.582936515983085 -5.498009693535811
-4.645701082069091 1.7339247507574704
1.4552250790036905 -0.03620652339547448
1.5109288781438401 0.748522505490803
-1.1586072008938446 -4.906895353969038
-7.483972085133248 -4.997666633348237
-9.966305558929717 -5.898777171449115
-9.127823491672514 -4.748580759862645
-8.18470548249401 -1.4590709594353188
-7.735257232171984 -5.74737512041708
2.0468223065626483 0.758887930140262
1.5858394219277476 0.716392962848594
-5.282196406247573 -3.619238458566096
-7.5017827708728575 -4.706107838756395
-9.791626858154308 -5.8620176626982765
-9.32361504933867 -5.395308905574364
-4.451847938039254 -3.213045998824917
-5.503865742785965 -3.8497783110233974
-11.005510040557546 -5.7644642909229935
2.443161111775593 0.5078541392019155
2.8303468357667603 0.7755023651915764
-4.653305164156779 -2.2732680042890423
-7.807750742838654 -4.385658531766547
-8.39572349180463 -6.5698449794963585
-8.978521561450426 -5.879767219522735
-3.012203793081418 3.256982129839936
-8.055294029575876 -4.666673731160237
2.1536177271509684 0.6082461633118645
-3.7957511241383894 -2.6201987067464065
-5.05598470627223 0.04212794934397994
-9.281041955409194 -6.5977747631896175
-8.826689892442518 -4.776139733572146
-8.579696002666978 -7.377091963899568
1.4420691040149058 0.8228313383815011
-7.933560639749527 -6.362795997228529
2.0032648502719286 0.15000054949584962
1.8866355079872459 1.1332252534116674
1.620763422919558 -0.13588435903874763
-3.2341365176304167 -0.8533124516814432
-0.8319447833993596 -2.0655022656689606
1.7880261360559084 1.1149046521569235
1.482093091093491 0.95818275983743
1.94862162114185 0.35288485286353943
-8.811276009286505 -6.119318265801827
2.921097197795478 0.9251382724267272
-10.35876421797561 -5.186269009752711
-3.487224299612131 -2.3853025967613446
-4.934836317781274 -0.2501776133971222
-8.566376552055129 -3.987933978839669
-9.261540942856778 -6.678928604851456
-0.2385753215769597 -2.3991649408712363
-3.004122626190213 -1.3539969065483795
-3.050047821985897 -0.9497252351968282
-7.661852140208771 -6.595065616111394
-8.561400737723133 -6.044288586729508
1.1970981847483173 0.9486150120183878
1.683094109416269 0.6661672777841396
-10.430850668212116 -6.234084368027341
1.4065682997033226 0.48420286907941107
1.7354315833590659 0.4382793746047055
-9.341532359082345 -5.499568305036008
1.9179182797225856 0.44509724103886067
-8.90198359102881 -6.451543989959995
2.3911727339735127 -0.111442352407919
-6.522230053919328 -6.535160217729736
2.495199090821539 0.8302095763863697
-10.304459357960571 -4.317792831514646
-3.589419422997175 0.2679892871359666
2.235714939769898 -0.536323064984134
1.873267790354616 0.9516037352931828
-9.451052989741973 -6.634013569562122
2.416628696990596 -0.15010078416501083
-3.6945637345157785 -1.9035695403536226
2.1297630357689825 -0.09117956455744003
1.4773842751895074 1.048092623018017
1.3785930602831686 0.5732818811488612
1.6613292166907314 0.24786466357614756
-9.355505497264684 -5.626137592323685
2.1390746584014626 0.2947838280211123
-9.625016349341692 -6.742680554790467
-6.2082114242867155 -2.7407333142134958
-9.707391222355836 -7.324109286820468
1.599733297246014 -0.2962715592030193
-7.759078995358191 -5.679485594187776
-9.097713829009916 -6.4031776187877645
-6.32752284160569 5.149533791055174
-8.699851802010699 -4.366109274104087
-9.671431658502366 -5.642545667069802
2.877575733018399 0.6582281634843838
1.3507214844619968 0.6653417537099888
2.705996054281523 0.24963655815244973
-7.219467064748031 -3.5197557332726066
-4.2141857415791 -0.5883281786889262
2.307036251049333 0.4189180228237623
-5.090251606905735 2.7154577195647467
-1.983877058271175 -0.021427356180915208
-6.192837340506248 1.5826054868242432
2.066251109993246 0.8390364594923971
-7.35542723061768 0.31289911853595337
-7.357451419705556 2.3326365117188224
-8.246304151482073 -6.371484281966716
-9.470115000542457 -6.628823715954883
1.4347930324359264 0.3617268240918137
-9.619202227037512 2.0273976873911588
-4.265726749422718 -2.4708858816927872
1.5027098279043167 0.24105282011984608
-9.352452566916515 -4.534787716179759
-8.967632406831457 -5.118940256222421
1.804752917116109 0.3424095762410048
-5.1827317902163585 -1.1092733001268869
-10.510863333328441 -5.380456170986286
-4.794792811626649 2.890859312474132
-2.2498963292027723 -0.6213906785831811
1.9381179368022268 0.24883065850834174
-3.535495388618986 -2.0200018933978368
2.1456410014490452 0.5021066866588092
-8.790865307151147 -6.584418474891262
-5.155492579794656 -3.23404884664019
1.3712429060582099 0.04926912972531933
-9.797554558835348 -6.607845086101971
1.7591809466678663 0.38140391209423113
-9.739415720160318 -5.2881401123853085
-8.038559660598759 -6.267220630337819
-8.345052488310932 -4.792873040976459
-3.4993920429871244 5.5200334174111045
-9.120592001466203 -3.4936621868234736
-8.857502299150406 -3.581690906929241
2.112576410781819 0.05672267199110986
-0.127880687837159 0.4143202728111897
-7.727732524585709 -6.933499628283278
-9.096959192515893 -5.8967093697319735
-3.6101581103321587 -2.546154226741038
-1.0302700514289924 -0.7459312834627273
2.5211920859491 0.5171671480481802
-5.9479199049928795 -1.8343666031541719
-1.6347749285747977 1.6034403890410216
1.175814080222585 -2.602599460477818
-8.493893223775688 -6.652329184382712
-8.14569116664311 -7.001194954819966
-9.32124010838266 -4.3300960000751925
-7.1827629442938585 1.0402967879534484
-9.744184136056218 -6.083270113291655
-10.057595719211065 -4.077561109223773
2.1307205786674563 1.1791644235927445
-8.976483486008974 -4.206185074858049
-4.336326368811576 -0.16249205814751283
2.0603200594200657 0.39093381327842724
1.0890401863599521 0.7035223826728586
-7.6995503544099195 -5.758838238636246
-7.2541702167320254 -0.7085730712161014
-9.408674879194809 -5.706670925944412
-4.8164300617582265 -1.587188518773058
-8.338261619060512 -6.784566858424688
-9.377887810125408 -7.7607752928322835
2.3631703235093884 0.9571045250665695
-9.725989961094248 -6.526182443304647
-7.756486301830211 -6.848292776363931
-9.512198437477108 -6.116890170607714
-4.8759346553424 2.340834260210749
-7.626309971191282 -3.0340584252067715
-5.123823184045362 -2.322967624637589
-4.435021600100978 5.329948349649709
-2.0795085463418053 0.2674977040764434
-4.50556230759472 0.07317828620662331
-13.283520572349031 -1.0561220803061404
-4.241833368243569 -0.1916497178543008
1.615327488130716 0.8930832136310899
-5.406813094771702 0.44444306559086016
-0.04748977448032132 -0.12111400962576582
2.5660455269966844 0.3855312789195785
1.7269966985215661 1.004158427576761
-4.537352978666797 1.4243318470686042
-10.88333855680172 -6.325403192813477
1.6384643274516288 1.0006724128052182
1.7614036969826774 1.5903392314757492
-4.543377252143827 -2.1356861891597867
-8.840026454277647 -6.67604158348958
-5.774346226255805 -0.16403615297485835
-10.388321991151399 -5.962169896256585
-2.8631737076711077 0.22030678769217152
1.6367071895196443 0.4569093632559762
-5.749071656791497 -3.894634560956301
1.5614380475661023 0.06878672270548819
-5.536170643445209 2.6071454234448677
-8.625776304657068 -4.358715868753495
-9.307371719440944 -4.764867166050291
-9.914562462817734 0.6976702097853472
-9.412737280548077 -5.198149896659186
1.8808263526388824 1.081304104122271
1.9288579147516074 0.14623578646596058
-7.0088564775034845 -6.243354777636833
2.1727690784184985 0.5116196558559203
-7.740962558240732 -6.564113889229792
2.878669425636505 0.46840687327451125
-4.869641361581933 0.05380266548828903
-8.284378831222423 2.3410187830980185
-9.481137797023552 -4.226146063308102
-8.80781993478841 -6.470345596567668
-11.046440716800436 -3.9189718154329323
-9.262537187576594 -5.072119255877643
1.8756641418739521 -0.3056115316832938
-4.978299300604851 1.5981939522566062
-0.623571902149334 0.8811380513703493
-3.0894330856164998 -5.43849137482587
-8.562029820761158 -4.959069159894121
-8.26497669882444 -0.6472485488079999
-8.833403144000359 -1.7176918316871437
1.639913885092707 -0.11370438315565867
-1.3074736671404432 1.458051151017117
-8.574863564262778 -5.057894253852359
-8.723477963934373 -5.924992843992597
1.356856748353061 1.1684736320483795
-8.571757617701858 -4.103543944414995
2.3374775180926193 -0.24301876695315683
1.9715380806513956 0.8816894276869732
-7.750242182655739 2.4490104282173735
-3.9086961887838645 1.2198610367409095
1.3089018008756552 -0.09866677466381168
-7.261948255021293 1.0634040077693006
2.5669002468384727 1.1153975692440827
-10.214803693737844 -6.611396107611878
-9.290698181240941 -5.681725857637091
1.7116594638868172 -0.34229756313632487
-7.235061759445629 -4.874920546266868
1.4678039294491445 0.6357359417098484
-4.929569774396114 0.46340737730636244
-1.7426059493085084 0.04469438670891408
-7.312582935662958 -3.9865599566096313
-4.936147394165296 0.45734083157104566
-11.549334347051934 -3.0719956518820535
-11.967372131785805 -3.297098391413451
1.8506011772195587 0.08196764404905699
-8.99925240369297 -7.200670249907681
-9.542908315214166 -4.769532651104099
2.067063828761108 0.44773159398437734
1.6739276583499056 0.11538494759085383
-6.388971863243765 -1.2087497104582305
2.4262954254967153 0.6728080420631319
1.540278890394621 -0.6837948815229218
-3.9983522860405585 2.5355900138418335
-10.72143172778081 -4.689778288484299
-9.207252568555557 -6.804568746494818
-6.5272974275783024 1.067003045115171
1.9719270390257346 0.20488109657547537
2.1140146409164506 1.4022157367935912
-7.286775743305945 -5.177541613530739
-9.394722571896502 -4.394165458505486
-5.61621105872892 0.4500630724166197
1.7713352168826768 0.6345082658656135
-9.421272508817154 -4.631386022669913
-9.93761365122951 -3.868097995638365
-8.21940092700339 -5.08488908622435
1.8658249949170471 1.0048202503999855
-8.54813623121769 -4.800537216263536
-4.353415772174699 -1.7162998805830598
1.4373521377743093 0.19999907164684494
-8.678277526822177 -4.058017072782663
-2.910025732494179 2.125971258421023
3.2218952253783506 0.5802616185048813
-2.3245603341325545 -3.113284504099325
-7.2480818772605575 -1.7382548681185936
-9.149501296041082 -3.4857708770232527
1.8589881485742503 0.2188907560730301
-2.4938719814932013 0.8304513608989159
-8.416710762237864 -5.0729531264229495
-3.2479093846106393 4.776147451960097
0.488671804217224 0.3682422851312418
3.024210390055539 -0.6885647282543852
1.9156991566455173 0.9344561092115541
0.026545065304805604 -3.0916182256808034
-11.082786626074988 -6.760130230724132
-10.211712537312033 -5.195108098951394
-4.396083794675246 -0.9203058426556678
2.1509745113204493 -0.28258938724917304
-7.48878714617956 -6.379566119627492
-9.289444629061617 2.7827155416187916
-10.355886430271568 -6.205049631031504
-2.4782698863445467 0.01584326264813138
-9.333050390100858 -5.997494702304217
-10.076450036378095 -5.399924249770204
2.1042269467687706 1.1675215028582704
-7.635549727929067 -6.307742222049331
-11.100398929672293 -6.3379794006784715
-4.869824582447345 -1.735603702251485
-4.720225890303272 -0.645252326737709
-7.755621644731592 -0.9381971428431428
1.5514653717838618 0.32872111602335413
2.6532068453415043 0.8440282886551422
-9.612929092265988 -5.917305856503313
-4.541054751623203 2.5357226371607835
1.7919714666092101 0.7204768312412755
1.6818650317183303 0.03584399531193849
-5.244414669428192 -0.23020107075919166
-9.161052096728989 -4.715144993811554
-10.443106191696865 -6.848881182320902
-9.19109472346715 -4.167130649499599
-8.38387097678675 -5.109521821415486
1.5774106707240012 0.07468614791504768
-9.897228683133418 -4.040229023715549
-5.718204191709885 -1.0136091204618716
2.224632073880189 0.6641861449030846
-10.027317465503888 -5.82024857496511
-1.2839748865621003 -0.6022747548525766
-11.216613939026761 -4.332577893260634
-8.946242066542576 -6.914582403136766
-9.106320393053869 -5.227735770501592
1.8307054746781477 0.43323453147195473
-6.77733988644605 -2.0168388918453926
-4.59696430865642 1.8321264598133935
-3.7428143995092817 -1.4713460208323268
2.6838401786436425 -0.0517311037758178
-3.7882057006441654 -3.5935895509186406
-9.906092436518392 -5.087900355038639
-9.709441830814573 -6.1320820508333584
-6.603709826530243 0.5068341547737856
1.6266207436908302 0.14208814430140743
-2.7710225717214225 -3.4609301947559636
-2.811914882305816 -1.325608494161925
-9.940503989183938 -4.959588810737746
-4.114812850212871 -0.6940481406108273
-3.084521727301074 -0.8909854001159989
-3.6829043556861913 -2.5740013167058255
-6.641071032162292 3.8649069920062025
-4.577129638114944 1.9366784289798793
-9.413126806231444 -4.703828782830468
-1.6158702689221909 -0.8576903458073704
-5.458766328234617 2.1425842841065217
-8.33696091798213 -5.960435661368358
-5.556305186266652 -0.22778006866940764
2.1249029668285093 0.9012072954040986
-4.394600433707184 0.1427626106347662
-3.2478729313343564 0.4486329991084904
-10.365609161072875 -3.7935495387331066
-9.713580498346078 -6.138384024746026
-1.493730168056672 -0.04589596649258376
-4.06385575916481 -1.1599064628893352
0.9877653885098008 0.37797426859783234
-2.8023411379142917 -1.7490487027439179
-7.321681498906604 -5.6146245068417375
-10.262683900950098 -7.199285459698817
2.3271180136313294 0.7873440313861978
-4.924613307647081 1.4648595482421947
1.985540297184922 0.7205448160093016
-4.164653282488674 -1.3308971124732758
-10.054484140747036 -5.436392852475427
-10.466926058690492 -6.317141260852433
-6.883126812505752 1.3768246989131996
-7.392175315302857 -6.038955087311854
2.121858738702485 0.4613543500566486
2.9599170523958627 -0.18418451383514844
-7.671803749710315 -5.755573691553282
1.86604065089185 0.8916996943550531
-6.301869708127446 -0.22064433381263193
-10.794920445706785 -5.300676911033646
-9.649175893918072 -6.179090668929333
1.8993892368077838 -0.3958228863614657
1.0722109583194466 0.9225171772391605
-8.59671597626308 -5.878370155861824
-2.758539846932603 0.11928850794458633
-5.902174132428538 -0.5308452119159022
-9.305707812853322 -5.053854029957825
1.7404228443875052 0.5273411081283312
2.412117514791962 0.21308338828812368
-9.06021228172921 -4.167501202128093
1.6148254639189215 0.5963424293237837
1.8568359241262953 0.6702404617275677
-4.79517357504712 1.1497049775045145
1.8590465633468762 0.7709633585716861
1.9235835664598324 0.19863281215366552
2.369503890778417 0.6224048272536482
2.1318985303479483 0.9286912549346512
1.4733279748567345 0.3951859503846209
-4.995561552365717 -0.2976440694495254
-5.1031323102043675 -7.041597416086605
-10.857146706956284 -5.995256860547631
1.053926831113599 0.9142513291902055
1.6798949288668354 0.4468511843975158
-3.383648261470305 -2.623459352023328
2.1709679594885687 0.34989835798743785
-6.5162030594717955 -1.4273051359793507
-2.9912614192629428 1.9200596451678247
-1.9138205488086673 -0.034780433404022315
-8.862962622586105 -6.2538976802915105
-1.0651226825516602 -3.5035442231740843
-6.536731226820831 -1.705702612904816
-9.191527953847023 -5.73763572159075
-8.556479108976138 -4.797960522807266
-8.695368354885746 -5.6620300076679815
-7.382089652134171 -5.6341066459526505
2.091115018942971 0.022954794794552258
2.2509781991880615 0.5872153611213005
1.3366629233536993 0.12017641891085656
1.0765226625880175 1.0524002622469124
-2.3478601965231736 3.2589915918438948
2.0124322862333925 0.7429421390841073
-10.973854551624992 -4.433143913251301
-8.707387577957807 -6.057452179025522
-8.174171264494687 -5.086174567239867
-7.180130819673359 2.0421475649974488
1.8813086135880066 -0.1408899030436307
1.1833650590723312 0.36133940261700204
-8.027044108387448 -6.416653549019713
-4.947122831024263 -2.4649207600385137
-3.853790035870599 -3.85735553062551
2.117864293982546 0.5317782303726716
2.1387621495203297 0.32908100070543256
2.1584238993769715 1.0610962232710515
-8.899641996742073 -5.983046870413421
2.147708354496905 0.9544954704690214
-8.59164045452141 -7.659349373516713
-4.830384230569766 -1.744219156071812
2.0276954394003113 1.3054157442054029
-7.325771780330898 -5.944625911348799
1.4821159006057554 -0.3664041683325482
2.1214223052865755 0.473500532203597
-0.5008652751985085 1.2166768263877057
1.9642894879946238 0.5856163336872038
1.6608862270040012 0.8952273984973964
-7.6667421056427845 -5.30009759032315
0.9312716884325329 0.9353602328573097
0.2625403780262294 3.3204612067884165
-4.696197737459277 -1.2702027131414926
-5.64569021114486 -4.903676581409807
1.3456848451790453 0.7152803583995674
1.7563580761401392 -0.07908255191892388
2.219749536015858 0.10042814038168896
2.3271082033508037 0.7405968432994813
-2.9579596915092754 0.8430502523614394
1.7409404333228968 0.10986592913355986
-8.893007981885756 -4.15620815842724
1.8213562603974942 1.0627132387062068
-11.595696374481562 -4.795047445872521
-9.013559699515337 -5.625264220501237
-5.876724242524773 -1.4780730656699037
2.374559601839108 1.0464364208435477
1.631714369947392 0.48924022518568916
-9.575012602843794 -6.434044517891015
-9.751573566587453 -5.203026198176283
2.116994714110542 0.559217261854421
1.7548977425530206 0.31283592376084113
-8.665415498271631 -5.811252951389692
-8.428988075779127 -5.036813640366107
-8.859245793257752 -6.064276281155361
1.2002128114208737 0.5796896700891718
-10.499069211650799 -5.585608830789272
-2.333298813191077 -0.5275854233571764
-8.469148876398464 -6.061906628830553
-6.427739535020621 -5.178356755612015
-8.021506458197926 -6.16102213720574
-7.322704845198544 0.9367957780101128
-9.319121780786165 -4.855915013534837
-8.716544196673397 -6.232189791373223
2.159999459315579 -0.24489723342229375
-10.681759211442376 -5.726276903682695
1.5740349444846848 0.6068735744252611
-6.660520538565496 -3.8530824060436557
-9.705823161071548 -4.815518558747405
-8.693269629673837 -0.7844369391260402
-8.058936447276375 -5.564225191451341
2.6520255772800057 0.4881142020330847
-1.5573974742389902 0.8963042898278732
2.1621890200702887 0.7633176255412377
-1.5200185018213714 2.9617786552077825
-2.7601800351888315 -0.5977023221619828
-6.786995464518969 0.09101142866620246
2.0855925845740457 0.9959240308880553
0.47942807599691406 4.473718958944843
-7.712388914543114 -5.39224919048736
-2.9250492110225594 1.2926863165562512
-3.2958789618172846 1.0994252512800913
-10.487752605055928 -4.923099426617135
3.2944126094751205 -0.2189286321546181
-4.0366159066342995 1.6263039651184685
-2.820483974763465 0.21234635293122361
-5.126164173910766 4.122666494499662
1.2796368723222655 0.015798922617200395
1.715718657711134 0.2995991394087026
0.7923066076897392 0.6086888779496544
-5.92698501053111 -0.27927117687117525
-2.340051829093356 -2.2147811223897973
2.168648046138251 0.1596087843159511
1.2905132637043346 1.2794408500063938
-3.635999980242557 -3.5140832448167467
-9.558260265845536 -4.207130582572708
-7.604012672521698 -7.426685900202874
-4.829626396012014 -0.12940318409023271
1.6990798221756618 -0.3048721822955619
-7.905625804931033 0.8135156071847487
-3.362641065637039 -2.21974932250324
-8.595557595451275 -6.6346736625025855
-8.626877609696812 -6.443753394556457
-8.305725426267667 -5.050332426001561
-4.624478534296976 -2.4010731272314447
2.41578498963102 -0.05066792289486455
-10.0116458107506 -5.207454120549573
-8.160561055177547 -4.75634546735464
2.1662568425230595 0.28428242997417613
-7.409478142517402 -2.2885987486311645
-8.337382468760007 -5.004819677571405
2.440921145455569 0.8336583213434083
1.770847407401523 -0.3276840629663078
-8.04150698542552 -5.948699800360832
1.8486945399499024 0.5404833391710816
1.605751421638532 -0.22183098699872217
-7.2122968945105 3.0083914953601494
-3.704374548092836 2.3710432460187554
-9.022694729242932 -4.365698259762823
-9.344817855778976 -7.181969170602655
-7.448566639384772 -1.869519152067748
2.253874136187695 0.541728279538707
-9.495738405374352 -5.866239270035197
-8.680537062697201 -3.0784334476820603
-5.3221774867244545 2.370147314295244
1.7724866388459977 0.31928630782291306
-9.522247154799173 -3.7497944409789055
-4.911043858861657 -1.3941135895467573
-11.011521934876013 -5.337328561112657
1.9842967290559015 0.9946935745873844
2.509015640383554 0.9002037901378603
-5.894126353298773 -0.44287283758240215
-7.644239125286887 -1.5482960410917068
-4.264498048364574 1.9401043707722874
-1.8545557555148369 -2.156303778728484
2.0726240041258417 0.07810969747027618
-8.72728530006018 -6.307506160177334
-8.20390569688021 -4.873146639506637
-7.761705906038806 -5.3129394613834595
-8.803196779175222 -5.5862495687281415
-7.937178175063769 -4.514453511692121
-7.496653612430757 0.9134251049526045
-7.6720100499119885 -4.744017085583839
-8.69782572949338 -5.38502460533821
-8.117958836042705 -5.065214673743066
-9.601982736458224 -4.615951405878353
-4.553006233791702 -1.7993708481873572
-7.194363024303383 -4.141055552994865
-10.63747260350863 -3.8883182856717227
2.1466299160779436 0.9215305958024289
-8.131163491074373 -5.175131995235988
1.3812389278570931 0.8215612510588797
1.7328874403239205 0.09279941524039403
-5.9067622977523 -4.737682396800638
1.9717925738095234 0.6181094861980045
-9.647521934091229 -5.269310448426802
2.95059554361798 0.9297813249668181
-7.056393536773279 -1.4081295885848124
2.2555560556838445 0.6193056134737573
2.167023580531836 0.26025088528994145
-7.80433766423331 -5.076359532390396
-8.180259759733943 -8.05058169170969
1.709930931925644 1.550204379890975
-8.22289962622543 -4.9396512526142695
-7.316756669377688 -4.114941013824956
-4.173147225044473 5.589452031808012
-8.490047560062575 -5.391784963476848
-6.584816617254621 -3.028553543051202
2.055995793878942 0.14195567842285434
-4.19230503648057 0.7568613061161242
-8.094215850782051 -5.7749273933890635
-9.854379693304127 -5.617372074393573
-3.4192573454734356 2.1416686476386677
1.8072143334148147 0.6345404160650501
-3.484036172134516 -1.4136112106929604
-7.881754717295662 -6.313522165825298
1.5929390768079124 -0.0863216167337808
-8.971840276974303 -6.042117234130715
-3.7387335743505568 1.3243812960893449
-10.766958688823408 -4.060868426839297
-6.7085613406931515 3.5524350228905166
1.5770422152528065 0.7734904139993467
-9.013266597470803 -6.238593583995485
-7.483450766882151 -6.191251734464961
-8.593432405110972 -5.48060950200365
-7.403137026996489 -4.697283683548042
-5.066868992848695 1.3786342845855692
-8.112854657714468 -0.7628335249078787
-8.757387089360183 -5.356607165941065
2.114988517878878 -0.4384664599531549
-8.289527958546584 -4.103330010976549
1.7331198593906756 1.0333124834048015
-8.586395659636443 -6.072631111427507
1.6231926112369044 0.3061884077559297
1.8223563416079929 0.6632270600057419
-8.107701520733363 -5.628744187975103
-2.7149078536847826 0.8142209707646679
2.5959415445147425 1.4575826935280456
2.9752771937334535 -1.898817186324018
-8.471446425811815 -6.8742509931518505
1.9737408646774095 1.13392407784461
-7.2219133195715255 -6.0908060815562735
1.5360306318268953 0.19493128279427907
2.4420610966696072 0.6048749046190146
-8.352969968244734 -6.136615090272412
-9.511533410050559 -3.744241820563215
-7.227117962734633 1.4664423003770746
-8.27559307085479 -5.852810600299909
2.0305091860121953 -0.014579984781060151
-5.481252875193038 -1.254815713141526
-5.0076846379133695 -1.9693651208702274
-8.429515838955052 -7.749214516298581
2.1192004224035133 1.1400927353805579
2.1038714245182986 -0.0957789227795226
-2.488417104290635 -2.964594714253403
1.8168798891110198 1.4023215996100897
2.229716509668351 0.363292081645309
1.970798548310025 0.08753173580491058
-6.740964902353875 -2.8867907873179535
-0.8429452153975561 -1.6364841645803914
-6.4261449029414255 -4.137881889929545
-4.847027941085906 -1.1835560745581275
1.8867341604565677 0.17008430095552673
-8.820503319337643 -5.971204525755202
1.4356504282747646 0.252508048634708
-10.556140857034778 -5.978412343997302
-9.217604790322953 -5.46475932131316
1.890003100518013 0.3171633347306909
1.1956295606015628 0.312896900542316
1.9189637394498158 0.007401956353353778
1.6944130146196397 -0.06460141443641254
2.0803438931402654 1.0993205134357038
-8.156484186679565 -5.666373516777456
1.513039171539717 0.7544108162197753
-8.731371979285626 -4.586968683907697
-9.804348853886175 -5.512827727245651
1.6728163834958378 0.829391345876322
2.0406117530468637 -0.08253968055725125
-3.672275925707753 -1.170901158482286
-8.132388849295547 -5.593188626083723
-9.391198586667384 -6.976665785730745
0.16902898606858408 -5.771763021454386
-10.122618068152695 -6.213331647915677
2.1958707435260734 0.9602912798839671
-4.796973695424915 0.011867958548731877
2.3651744302423015 0.8353621758587146
1.2414608956498756 0.2594205093567876
1.7722340653769861 1.3710819471718643
-8.417725796163744 -6.229585526125462
-8.802491140105905 -6.507494341743026
-4.865052429079215 -0.31196038408717985
-9.1735507238294 -4.94495742808963
-9.426664911697081 -5.307873965434485
-4.793223088177348 -4.9373510184201805
-8.437470517146014 -4.040469782925644
1.298704806726279 1.3106614318747298
-11.13977848562047 3.054322093300295
-0.49600435982983715 1.7495137596112285
2.4505526247555367 -0.6088516265499337
2.059958950612978 1.0896914998401286
2.169727166276907 1.0184655166118133
-3.5247660829106646 -3.0109789515766567
-9.464436766348976 -6.540657248342111
1.9401425953459361 -0.021575721455059038
-9.40196134926296 -6.259828868449949
2.4538483439847285 0.7319245630733966
1.4945348565447483 -0.4016996078622519
-2.1297568841650056 1.0079316864238383
2.235237836818028 0.5767335245130489
1.025686848932085 1.1209536806741203
2.144803059202526 0.9849002905584323
-11.211608604471097 -7.445745812470835
-8.602810181324354 -6.895304591696454
1.5429328643325724 1.4306547145451076
1.9449161277203988 0.4961449045786264
1.01829226572442 0.7755931358068008
-4.238424862147195 1.1378693605507872
1.8108476861496892 0.6973700181601327
-4.316852753347253 0.1482968411441355
2.446962447865797 -0.09229755808105278
-2.076813648793838 3.5075717302599325
2.3627702011446488 0.8440765682366699
-8.179033143208343 -7.070875970108343
-7.970790797515643 -4.981230722901548
-6.5158525694425915 3.6585021495423535
-8.981104302160377 -5.746658988105251
-9.10080254290399 -5.267445212002776
-7.335284145386645 -2.9780161274182326
-8.294167101358564 0.8455948663972945
-3.4677399942086167 1.2927435301793502
-7.938078514057905 -1.0943077817489162
-7.541022794553885 -5.173554569015154
-8.001410399388948 -5.679473563168303
-3.5620953542067966 -4.553300319916287
2.181493953366406 0.8554214907350199
0.9037207242582517 0.9795070194487123
-6.720084020199909 0.6379320636690917
2.1323460407447534 -0.07830738651718783
1.8404087817292059 0.06970355337315143
-9.869667348829923 -5.6371528087748946
-5.273662148844371 -0.9414291632673142
1.9263584433686378 1.274908828299004
2.662610739497249 0.795228417945714
2.0051958969307546 -0.08026641738989304
-9.55379524029269 -4.90051138604929
1.7883684204097199 0.6066657376530157
-7.368727063948766 -4.871292652965542
0.9314437233571837 0.8610545968707654
1.7272941883757347 0.5357596770445404
-3.459514793853285 -2.541837035999412
1.1490083779111613 0.2585432115621963
-10.740490577306723 -4.842183047056214
-5.946072309653713 -2.1621658414964324
-9.257562426461238 -6.09852671647519
-8.246724503364511 -5.4804025683811615
-7.098807413929577 -2.3453708013002075
-8.723244154564709 -4.7556114941698295
-4.952528320156088 0.3404779959930119
-9.55540848298266 -3.4865660788543815
2.4658598846644035 1.1468923598592298
1.934723793129776 0.328808815795649
-9.2573608039274 -5.72654504777491
2.2366587799677413 0.5024066808950288
1.7970144576877476 0.6022695844351251
2.160058814861587 1.5366435700799566
-6.017055568267709 3.3667615235017485
2.666937021507535 0.08804049152583221
-3.2154542653572573 -1.011970605770913
1.9101805154790588 0.642153925628714
-8.33453195210993 -6.197112062659316
-3.956555028657055 1.3975916561867405
2.264207427138105 1.1771708609283922
-1.0179586554378117 1.5664430048219289
-4.287461136977493 -2.549788143945719
-3.3735626700900254 4.688878403770386
-5.632950600420639 3.3863831889569846
-9.179362811989392 -6.072312166608105
-9.538116342445141 -4.964853526094101
2.477776481347726 0.1044814360710023
1.3755019555974881 0.30679675462428835
-10.198535240480414 -6.065784276793444
-9.2909954481144 -6.110015326196258
-8.07730993972626 -7.065925200396149
2.4203552595801536 1.0027696047817647
1.1810881264519721 -0.2755750727351032
-5.977424656303418 -2.291159451769991
1.7340985162049134 0.7772816178676338
2.7341932850836885 1.5357597954089186
-6.959377143421996 3.873886526562438
-8.999443659040459 -5.145635658223759
-1.3790300084197749 3.4401861841431893
2.5285425696135735 1.0160562896182008
-5.38523020185959 -3.4834552470246916
-9.830604008503517 -6.363810908445996
-7.07422164548819 -0.0029242755437894064
2.351952958064763 0.18207149163762254
-8.968669169488845 -5.709827112132518
1.4358988204979481 0.9371247616673704
-5.518084973021448 1.8759047399598836
1.6764565590729106 0.14838460827418187
-7.068138192771017 -7.042356049840691
2.33418962586806 0.3935562672181725
1.3818562706221478 1.2646075189659123
-6.613387384077592 -3.2667702280728097
2.036624222695041 0.3131344530660925
-8.393513147133813 -6.099627276197775
-8.435569877192178 -6.378699351317537
-8.223415781922736 -5.769734414894044
0.538680592895787 -3.678825994280947
-5.9004472415926745 1.6825998146214014
-7.308916161452331 -7.173906146245319
2.7882279474859346 0.8468009850578853
2.241938122571275 0.29626009427242234
1.9403567916938038 1.0324605543836918
-9.1420786772171 -4.971732123831776
-6.795810828676961 0.7986032462445247
-9.067363764621442 -4.909175170379718
-10.09150037184327 -8.123904470502884
-7.328657268136807 -4.400964369745739
-5.882586489965764 -0.08190655513774697
-8.55545130096433 -5.035368003422989
-7.726757948652349 -5.866565633916548
-7.86399773496542 4.625827651244954
-0.5405727420662281 1.624716540850995
-7.458683385030151 -4.801524159830924
-10.411636802323883 -6.0523663812638535
-7.942822873002962 -5.772221110010349
-5.662031912130999 -0.6187806124222521
1.761099016200943 -0.2327698512999924
2.3322742724812002 1.4169021614313457
-9.292505554635648 -5.640008098269574
-3.8858466996337664 2.0616083489809
2.4831835737868526 0.3957483540401711
-9.235044567030101 -6.826740214980231
2.2343883299276825 0.6292598908647647
-7.623050377866289 -1.3813993564135494
1.2451220911483858 0.8142245904983418
-8.153963141597991 -6.942059629530891
-6.96846002031054 -4.8596416631545125
-8.967813346010251 -5.500345311115798
2.100049131524916 0.30249074338231363
-8.546496075553884 -3.8866863146758517
-9.801308656352226 -6.306370764418759
-1.765028561619256 1.0544227176354612
1.914056525389768 1.1319431804121478
2.3449565888321406 0.2568333653568451
-4.4738091211127005 3.3548125217180114
-5.833654853470204 -3.5634052934260603
-4.374226621725216 -6.5869460616350795
1.2049417089289896 0.6314605617719208
-5.181873140516644 -2.928066611750358
-10.394943072538469 -5.7126963503543555
-8.224406343346393 -6.277683375125407
2.3149472916835143 0.7517474878047352
-3.3570278862506653 0.518177384634495
2.321567772966947 0.7656012929428626
-5.519262445780112 0.6713043027340637
2.4826877099905706 1.022012577383994
-2.0368178002274546 -2.0468911418459887
-8.839125553001107 -0.89711984532361
-3.581808737969763 -2.992745451262974
-7.009019326852676 -3.841910012290157
1.7204969809870085 0.045726152626205274
-7.315671669424534 2.9113534209197245
-8.688766161347612 -5.717160864828306
-9.29734446531157 -6.10748729695548
-4.3748530810659965 -1.8194683015862765
1.7273288428177838 0.5529454166885454
-9.958592399389568 -6.008756301443765
2.081099336391523 -0.11576632074602689
-9.567779852047678 -5.998867818009907
1.7111422454581677 0.04392301723204162
-9.51338803871123 -5.5969509141012255
2.0269205547086244 0.20105629874970687
-8.50263890665432 -4.608682696754421
-4.741994272159662 -0.6473897614254815
-8.97467297706614 -5.5706054976304
1.9936105305708434 0.17303567519870305
-9.046791364880068 -6.316021071610078
-9.471833709840274 -4.053999622951929
1.354623355850892 1.2424737079889887
-8.36280966341979 -5.676997583219265
-7.98777609736733 -3.869927365165002
-8.992939211551535 -4.799269444060296
-6.97262924401474 -1.914774548134191
-9.42392122224538 -1.9886502157792103
2.6346095952339317 1.2241968964605539
2.2145403094561154 0.7220118940046094
2.8342427493678626 0.5324072430150133
-4.41007783648096 1.7045023059868942
